2537 9019 7852 9115
2936 3808 4257 3945
5905 8134 6296 8689
5180 2715 5901 3056
9493 7886 9880 9857
3540 2538 4257 3807
668 5227 691 9219
4943 9309 5932 9656
691 7768 1658 8778
2144 423 3189 1652
5753 9839 6877 9923
2545 7884 2691 8123
3086 4502 3452 6987
326 25 1584 237
2730 2195 2937 3241
5304 3730 8017 3905
7191 270 7551 769
6653 2910 8124 3730
1792 19 1913 7832
7560 9843 8834 10000
4302 234 4700 422
185 4087 504 4271
179 1150 542 2963
6629 5510 6826 6599
6447 8193 6617 8638
324 5188 564 9429
3642 7757 4282 8580
180 661 395 1150
4580 7733 5056 8117
853 237 917 2618
9758 1299 9823 1838
7852 5716 8468 6008
3040 4425 3079 6086
2856 7950 3452 8535
1218 8880 1841 9805
2846 6086 3086 7950
3253 3614 3473 3735
6653 1224 7652 2910
2846 4316 3037 6075
7652 199 7730 2910
9534 419 9633 1598
3657 6797 6905 7174
8236 3959 8495 5153
1953 19 4747 210
9270 738 9392 7248
4013 4095 5089 4923
917 237 1582 2357
9432 1840 10000 4201
3866 210 4283 2538
2141 227 2867 423
4257 3056 5255 3905
324 4272 701 5188
4881 5826 6276 6017
1744 1545 1759 4808
2054 6744 2707 7832
1566 3247 1573 5316
6690 4157 7047 4811
3464 4116 3642 8583
1761 1261 1792 6959
1466 4668 1562 5474
5217 701 5901 2715
1913 4005 2054 7829
6207 1224 6647 3730
1986 733 2144 2447
685 273 852 2646
5061 7796 5644 8120
8277 1573 8504 1727
179 4271 324 9360
3485 273 3724 1479
2708 4005 2846 8583
179 243 529 661
1592 19 1744 7768
8041 2679 9259 2901
358 9682 615 9891
2144 1652 3866 1894
4747 1256 5217 2003
195 2963 517 4083
5343 3233 5893 3560
4364 9685 9451 9798
6905 4946 7047 8701
731 9755 1082 9828
6138 9307 8705 9662
3658 6017 5078 6797
8019 7312 8216 8898
691 8778 1658 8880
7415 5720 7821 6330
3189 445 3482 1544
7365 7323 8019 9017
6220 6458 6385 6600
5809 6089 6213 6758
1953 2478 2623 3241
8124 1727 9270 2551
5078 6097 5606 6609
1847 9334 4364 9805
9392 199 9432 7247
8001 2551 9268 2661
5653 9929 7311 9991
9947 9120 9991 9467
2562 8583 4380 9019
206 9429 1218 9682
5881 7193 6905 8057
5255 3176 5340 3664
3657 4095 4013 6017
2936 3445 3253 3808
3486 3945 8495 3959
5137 195 6208 701
5186 5466 5857 5488
6207 806 7652 1224
8635 4495 9236 5941
1582 274 1592 6052
5089 4337 6688 4899
5666 7697 5870 8061
7219 4074 7365 8701
7730 199 7889 2910
1913 3241 2937 3366
4387 9522 4943 9662
6208 438 7191 806
5901 704 6207 3729
5359 4105 6642 4337
1258 6260 1404 6345
1658 8097 1777 8763
8610 3258 9171 3760
1145 3205 1566 4219
2144 2015 3866 2195
4283 422 4747 2003
8126 2902 8490 3905
4413 8132 5905 8673
1954 516 1980 1942
5099 7386 5339 7441
4283 2003 5180 3056
4479 4923 6905 5466
3657 7174 5099 7733
7372 4585 7415 6329
982 6345 1592 7524
3647 5050 3657 7757
8840 7887 9493 9668
8495 2964 8575 7248
8262 6056 8330 7674
2054 4005 2708 5760
918 2357 1582 2558
6647 1255 6653 3590
9475 412 9480 1788
691 7524 1592 7768
542 237 685 4272
748 2646 1145 6345
1913 3366 2936 4005
1145 4219 1464 6165
8330 7248 10000 7494
250 0 9846 19
564 5188 668 9424
949 9850 5653 9958
701 2699 748 7522
1841 7832 2537 9332
8216 7890 8840 9015
6890 3959 7415 4074
3425 3959 6890 4095
4013 4923 4479 6017
5137 19 9843 195
7852 9020 8840 9307
4747 19 5137 1256
8124 199 9382 735
4295 3905 8493 3942
748 6523 982 7313
8575 3628 8588 7247
9880 7886 9916 9608
3163 6987 3308 7121
7415 3959 8236 5716
3730 211 3866 1560
7047 4074 7219 8701
9844 40 10000 1838
2054 5760 2706 6744
8635 6233 8728 7149
2144 2195 2730 2478
9710 5057 9841 6388
2568 9117 7851 9306
4410 8701 7329 8982
2623 2479 2729 3241
1150 2558 1582 3195
0 0 179 9359
8592 4059 8608 5813
7961 196 8124 2551
9505 4201 9686 6175
2144 1894 3784 2015
7889 199 7961 2910
6401 322 6969 438
7515 6335 8240 7312
3154 3952 3425 4453
1913 19 1953 3116
7365 6330 7515 7297
1125 9805 9223 9830
8330 7494 10000 7886
2937 2195 3540 3445
81 9360 206 9586
1139 9835 2565 9848
