4079 1145 6437 1531
141 3084 686 6576
7679 1146 7852 1881
5540 1531 6437 3265
4405 669 5972 783
3748 5596 5724 6289
8648 5298 8831 6278
8326 4038 8861 5092
3515 8371 5093 8425
686 7737 2562 8349
2469 1040 6437 1142
3814 6614 4031 7034
3780 7050 4119 7983
9237 5966 9966 7201
140 6576 686 9532
7091 1146 7156 7616
6365 3529 6378 6689
1333 4701 1573 5616
7491 5102 7645 7838
3385 3657 3748 7994
6815 3583 6973 7853
2562 5522 2874 8760
6459 421 6973 3444
7954 6478 8861 6859
7207 5056 7491 7546
5572 4493 5590 5265
2683 9141 8037 9643
1044 3332 1234 6078
1044 6559 2562 7344
3287 0 6391 236
8331 0 8772 4038
5724 5423 5898 6938
7823 3610 8326 5246
3867 3657 4316 4713
5531 6580 5603 7988
2469 1142 4079 1634
2391 3190 2584 3826
5282 1729 5540 5596
4569 1553 5508 1729
4119 6289 5530 7995
2874 7995 5635 8371
4706 3848 5272 4708
551 9532 2141 9948
8092 9290 8636 9991
3454 8529 8037 9141
5627 7212 6803 7883
1294 2090 3378 2547
7948 7412 8037 7759
4573 1729 5282 3781
5655 6942 6755 7194
2675 784 6432 1040
3383 2093 4573 3657
1308 7344 2385 7412
9240 3620 9318 4959
8831 5203 8995 5958
5899 5090 6284 6874
1787 3193 2340 6198
7852 1150 8331 3610
238 1972 512 2624
686 8357 973 9531
1245 1634 4569 1959
6437 652 6459 6937
1335 3511 1787 4698
9318 3391 10000 5966
3130 3190 3181 7993
4128 477 6036 639
59 8364 133 9813
4316 3734 4434 4712
1009 8349 2463 8677
7156 1146 7679 5056
9047 4784 9232 6401
8564 5150 8641 6062
9596 47 10000 1007
2874 8371 3452 9135
1014 9357 2683 9531
3452 8436 8033 8529
9846 1007 10000 1545
2686 3190 3130 5522
3326 273 6953 421
3973 4713 5277 5594
7936 6344 8817 6451
3181 3190 3383 7992
7839 6955 9197 7202
7805 5267 8564 6344
3086 6072 3129 7953
1297 2547 3378 3190
6974 0 8331 1146
9649 7 9860 47
6537 4905 6740 6578
6473 3444 6658 4905
686 3084 1044 7737
1245 1959 4573 2090
8831 8825 9028 10000
2340 3826 2686 5516
8037 7206 8621 9290
1245 952 2469 1634
5603 3265 6361 5085
974 8760 2681 9357
8621 7202 10000 8610
2602 9643 7498 9977
2986 6006 3059 6920
1044 6198 2311 6559
9846 1545 10000 3391
8889 3379 9181 4784
9093 8610 10000 9964
140 0 2675 952
8772 0 9594 2469
512 952 1245 3084
9594 1007 9846 2468
1245 2158 1294 6198
6973 1573 7091 7889
8773 2469 9843 3379
4725 3781 4834 3827
7679 1881 7793 7894
5635 7894 8037 8436
51 0 140 8364
0 0 51 10000
2675 44 3287 784
