7947 6619 10000 7594
7745 1008 7947 7065
189 7243 5192 8200
90 170 2162 1524
2 1524 2360 2580
1191 6998 2327 7060
9388 0 10000 4303
240 8542 3865 8976
6377 920 7557 3835
2323 3144 3103 5782
410 2603 2874 3035
3727 919 6377 2405
3183 123 4895 829
189 9607 10000 10000
5291 143 8943 918
7875 8880 8301 9421
189 3035 1156 7243
8418 8477 9559 9401
3103 3074 3581 5630
3602 3109 4090 5518
1639 3044 2323 3871
2987 1248 2997 1895
7733 7594 10000 7903
3033 864 3727 1929
9166 108 9388 4289
3869 8231 5876 8976
4281 2963 5099 4752
1727 3979 2188 5692
8006 1106 8417 3425
5696 4194 5915 4329
8417 918 9166 4302
1702 5782 5914 6058
2486 7064 5180 7217
5915 3848 6717 9606
0 2580 189 10000
3729 28 9208 108
2874 2405 6277 2872
7947 6226 10000 6619
6717 8220 7846 9607
2406 88 2987 2384
7947 4303 10000 6146
7557 920 7733 7808
1187 3057 1639 5649
1156 6664 5876 6998
5099 2872 6377 3848
5876 6683 5911 9188
7846 7903 10000 8477
350 8200 3776 8470
1156 6058 5915 6664
660 8470 3869 8542
7955 6146 10000 6226
249 9038 5793 9572
6717 3835 7557 8220
190 8976 4238 9035
5193 7927 5859 8231
