7679 6 8525 360
3303 6433 5625 6963
58 9532 2357 10000
8216 7524 8475 8279
9396 6986 10000 8979
1357 2379 1574 4313
2944 4633 7509 4683
6918 419 7566 983
2653 4920 7931 5061
7399 7744 7964 9371
4011 4469 7934 4633
2604 9875 6989 10000
2837 4432 4011 4598
1409 0 2047 1308
649 6425 757 8952
5625 6472 8216 7744
9296 4598 9496 5021
5858 7893 6126 9460
4853 8465 5858 9460
2357 5355 2604 10000
1644 1471 2047 1975
6946 1260 7561 1425
1574 2379 8030 2596
79 9342 2279 9532
9007 5768 9359 7108
9496 3916 10000 5184
3501 6963 3919 7583
7972 5021 9496 5765
3085 837 4744 1283
4 5954 55 10000
3346 6110 6347 6433
8525 0 10000 599
7987 2002 8269 2332
942 2443 1357 4080
12 4373 119 4697
8475 6111 8911 8979
4348 3988 4571 4438
2256 2602 6823 2833
6823 2596 7934 3981
137 4002 541 9143
8142 2411 9672 3441
8047 8979 9720 9026
8430 6371 8450 7389
2604 5604 2922 9875
4725 2885 6720 4049
9672 2457 9886 3916
2047 177 2560 1795
8911 7108 9364 8979
6430 255 6968 383
2922 7585 3923 8155
8061 8281 8473 8706
7868 756 8266 2002
757 6304 1197 9342
1010 5061 7969 5143
6506 7744 7399 9371
995 4353 2650 4847
8229 3441 9296 3867
2972 6121 3346 6417
2452 2872 3111 3149
541 3897 942 6304
2650 4683 7931 4920
942 4082 995 6288
2357 5143 7970 5348
3125 8155 3738 9875
4909 498 5224 1697
37 1462 1535 1969
9364 7514 9396 8936
6989 9371 9313 10000
7976 3530 8229 3763
3738 8762 4853 9430
3152 2833 4274 4430
7964 9026 10000 9356
9314 9646 9681 9764
5037 8406 5643 8465
1981 3286 3152 4353
1427 6301 1862 7332
6070 1490 7778 2379
9363 5821 9607 6985
9607 5184 10000 6986
6126 7870 6506 9373
5315 4376 6915 4469
8037 2340 8142 3530
1052 4847 2649 5036
1888 6455 1903 7006
2191 6285 2195 6324
6087 518 6892 1461
2050 2612 2250 3286
3923 6964 5625 8402
1335 7803 1460 9161
8237 6474 8430 7488
6348 6110 8430 6472
5942 79 6070 1571
5450 90 5902 2227
2944 8178 3125 9801
1197 6337 1329 9197
1460 7445 2184 9342
3740 8402 4851 8762
7934 3867 9296 5018
4274 3000 4725 3987
1690 2621 1981 4274
0 1975 5450 2379
6286 9373 6978 9875
0 2380 942 3897
2707 1490 4283 1975
2604 5348 7972 5604
741 1308 2037 1458
2192 6396 2357 8819
8269 599 10000 2411
4573 4092 7871 4376
2922 5604 6720 6110
3738 9460 6286 9875
9296 3441 9496 4598
5642 6433 6348 6472
0 0 1409 1308
995 5143 2357 6285
2957 6417 3303 7508
6720 5765 9007 6110
