5555 6003 6729 6508
5127 282 10000 338
1544 4550 1657 6141
0 9733 10000 9863
7737 6002 8316 8075
3787 994 6106 1317
5009 6002 5388 9393
758 9863 6896 9864
2725 9501 10000 9607
6106 790 8749 1205
1956 110 4936 585
1956 896 3787 1272
882 5038 1222 6870
4949 3220 8277 3877
8277 2860 8758 4513
2748 7805 3151 8674
1854 7588 2748 8674
1446 3963 1513 5297
544 111 1230 2087
1808 138 1828 1862
4233 6226 4463 6568
7145 6002 7733 8115
4995 4025 6967 5337
6967 4513 8755 5302
3349 2713 4698 3673
3336 3679 3700 4376
3541 8122 4633 8830
537 8674 3541 8830
8466 7062 9656 8204
2217 1272 3477 1306
878 2108 1230 5029
8316 6252 9696 6896
6663 1205 8749 1454
4399 602 4925 992
1409 109 1765 3963
7106 8204 9660 9027
2473 1317 4329 1729
57 121 212 2184
9843 437 10000 9489
4329 1322 6663 1454
2920 1729 3330 7547
536 8830 4633 9072
4932 813 5677 974
8576 9072 9630 9340
7088 4073 8266 4402
536 5158 716 8674
5131 2714 8271 3218
3700 3673 4490 5274
6729 6002 7106 9027
1802 5187 2884 7547
4698 1909 4836 7699
4490 4190 4696 6748
868 6898 1310 8674
5388 9027 8576 9393
2587 2185 2745 3525
6124 6615 6532 7177
1765 1389 1802 8570
0 9607 10000 9733
0 9864 10000 10000
4936 338 10000 425
1802 4412 2920 4628
5009 425 8750 790
5051 9393 9843 9500
1803 3057 2568 4412
9660 6896 9841 9393
2721 9072 5009 9501
4956 118 10000 282
228 0 536 9607
8750 425 9829 2206
2739 108 3834 110
9665 2231 9838 6045
2030 1324 2299 2791
1230 108 1409 6898
1310 7155 1703 8304
3336 4376 3626 6750
536 0 10000 108
1802 4633 2389 5136
4633 8116 5008 9069
1828 277 1956 3057
2485 7547 3330 7588
3638 1801 4317 2681
3626 5277 4229 6749
9512 2206 9648 4910
4669 1454 8272 1897
4982 3881 6925 4025
3337 1731 3638 2707
4868 2913 5131 3133
0 2184 228 9607
5512 7191 6729 8782
8756 5063 9137 6102
1956 585 4399 896
3330 6750 4697 7926
4836 1897 7683 2709
2884 5762 2917 7492
4837 4025 4995 7926
8769 2206 9511 5048
4998 5337 8756 6002
8272 1474 8749 2860
536 2101 717 5158
2319 1667 2457 3010
3151 7926 5007 8116
536 9072 2721 9607
2745 1850 2915 4400
9143 5070 9635 6183
717 2130 868 8674
4448 1518 4669 2678
2392 4764 2919 5187
7683 1897 8271 2714
