80 9869 9946 10000
589 8076 3654 8327
7390 8051 9560 8399
7373 6035 7862 6105
6774 3301 7177 3760
7017 6147 9176 6420
7993 3026 8837 3148
5478 4667 9371 4973
5152 336 5240 6810
8485 5079 8860 5993
7210 4339 9371 4667
6355 1341 8430 3026
3511 1540 4362 3562
80 313 232 9867
2258 655 2638 1227
9565 2491 9947 9245
9311 2464 9371 4223
232 5864 513 9865
4457 3514 4994 6212
4678 431 4764 3514
2508 4422 2543 7291
5346 344 5825 896
596 9645 7734 9867
5152 7749 5647 9640
2803 1604 2954 3999
471 3965 1801 5460
254 367 327 3061
4362 1560 4457 3772
0 0 5930 311
2673 8327 3657 9448
265 321 3111 364
2079 4090 2503 5762
5647 7749 5939 9644
7746 9245 9943 9672
650 526 1408 780
5472 896 9546 1062
5680 1062 6355 4030
513 5460 588 9740
1881 3024 2079 7289
1203 6587 1545 6737
588 9449 3131 9644
653 7817 3654 8076
6955 557 9573 873
7936 9672 9793 9814
3916 5479 4385 9476
2543 4004 3211 7298
5825 873 9480 896
5153 7143 6147 7749
5153 6812 9558 6992
5472 4032 9311 4339
8862 4976 9371 6143
7017 5108 7984 5995
4507 8364 4929 9374
340 2272 1512 2878
4994 2097 5152 9627
5240 896 5472 6808
6147 7142 7390 8400
3546 5479 3652 7220
1801 4491 1856 7049
3657 5488 3897 9475
6663 1064 9367 1341
4764 331 5152 2097
5939 8400 9565 8437
359 613 504 2159
327 2879 1881 3965
2214 1338 2699 1462
5530 6421 9560 6476
3112 311 5952 330
7557 6992 9565 8051
8430 1394 9944 2464
4615 426 4678 1397
5472 4342 7210 4665
5246 684 5338 829
9947 1583 10000 9992
7177 3148 9310 4032
5472 2860 5680 3981
6362 3153 6721 3759
5952 0 6955 871
589 8327 2673 9449
3131 9476 4990 9645
2110 5777 2303 6943
744 787 1512 1413
8026 9822 9036 9869
504 1413 1512 2272
3897 7006 3916 8776
2142 1602 2803 4004
601 5868 653 7934
4486 2973 4676 3514
5472 4973 7017 6421
1513 2686 2120 2879
4470 6212 4994 8352
5481 6476 9560 6812
4385 5479 4457 9475
3676 3562 4362 3792
3986 330 4615 1540
4466 1552 4667 2932
2954 364 3511 3791
655 7298 3653 7817
0 311 80 9892
1512 364 2142 2686
3511 330 3986 1524
836 5464 1572 5721
9013 8438 9540 9118
3214 3792 4457 5479
3211 5624 3491 7285
9573 0 10000 1394
5942 8437 7745 9645
713 5738 1695 6569
7249 0 9568 557
7747 8438 9013 9245
2700 730 2952 1602
233 3990 471 5864
7137 403 7249 475
5152 6992 7557 7142
5473 1062 5680 2469
2319 5762 2433 5956
9371 2464 9563 6414
