6187 4713 7134 5239
6190 5239 9040 5372
245 3015 7611 3089
528 4575 833 5930
863 4865 3556 5113
6067 7570 6389 9718
4149 6805 7620 7185
0 9872 10000 10000
184 5741 442 8019
2555 9452 4769 9710
5055 858 6021 1132
377 849 5051 1036
3876 5037 4371 6277
7203 1557 10000 1792
4829 6138 5408 6262
3716 4003 4534 4242
8663 7685 9006 8034
8101 380 10000 1223
9639 8903 10000 9866
841 4256 7197 4557
0 8965 2375 9718
6882 8188 7726 9716
7611 2855 9688 3425
1210 4856 3432 4865
9983 4396 9996 5605
7197 4256 9055 5239
9555 1792 9958 2614
0 618 361 1068
563 1234 4869 1538
442 6277 6313 6804
0 8422 2914 8882
9006 7279 9639 9872
0 9718 9005 9825
4464 7185 7621 7489
245 1544 8650 1557
11 8318 4251 8382
7218 2707 9686 2855
3071 2241 6068 3015
8239 6473 8243 7142
8239 7420 8459 9718
74 9831 8852 9872
464 2847 3071 3011
8243 5372 9055 7276
6313 5382 7611 6805
863 7932 934 8300
6940 7494 7465 7872
7726 5381 8239 9710
6021 380 6735 1132
1309 5113 3876 6277
297 3447 1307 3967
387 4301 484 5447
0 186 4289 531
3629 58 4090 179
2535 7331 4464 8318
92 2328 164 7478
164 1071 245 5741
4289 107 10000 380
610 4196 837 4573
2923 8382 6063 8808
3984 7030 4149 7270
9692 2614 9983 8903
1248 5260 1309 6114
1164 1766 5648 2241
7205 1792 8359 2707
9055 4256 9692 7279
0 0 3629 186
2686 8889 6019 9209
913 4557 4351 4856
4534 3790 9688 4256
361 618 6015 849
442 7084 3672 7260
1068 3997 3551 4049
7621 5372 7726 8188
384 1036 4934 1130
0 531 6019 618
4644 7491 6061 8382
137 8392 2432 8422
6068 2132 7204 3015
5648 1557 7203 2132
4090 0 10000 107
245 1132 6735 1223
4871 8808 5302 8872
245 1769 1164 2344
442 7269 3748 7324
6735 380 8101 1223
757 2344 2828 2485
4371 4557 6187 6138
9644 7449 9679 8422
2665 9219 6067 9447
937 7625 2535 8318
245 1557 5647 1766
8360 1792 9555 2699
6389 7489 6872 9718
1308 3429 9685 3790
245 3401 6623 3429
245 3089 7582 3401
615 2492 2771 2682
485 6809 3849 7068
4869 1223 10000 1544
