7003 5261 10000 6383
4945 887 10000 1435
2291 0 4502 2167
2312 3241 4914 4190
4425 7898 8596 8242
6631 6985 6935 7631
1085 9763 8762 10000
5794 4190 6236 4432
2290 8242 8780 8878
333 518 1960 4438
2290 6374 3767 7409
5925 7164 6232 7624
0 522 333 5489
1984 1129 2087 6795
3218 5671 7003 6374
2316 3001 2339 3172
6935 6598 10000 7674
3865 6375 5410 7586
0 0 2291 518
2438 5343 3218 6252
2350 7754 4420 8242
5 5490 354 7793
5524 5280 6936 5671
7385 2224 9103 4471
9254 3135 9998 4745
9686 9883 9928 9976
5410 6669 5925 7780
2087 522 2289 8878
5577 6383 10000 6598
8781 7674 10000 9883
7112 0 10000 887
6364 4077 7271 4393
354 4438 1085 10000
2692 2852 3509 3149
4 7798 354 10000
5059 7789 7745 7898
1085 8878 8781 9763
3645 2852 4394 3015
2317 2167 4948 2852
4948 1435 6075 4190
3338 5632 4457 5670
4502 860 4944 2147
3218 5260 5524 5627
2289 4471 9254 4812
6075 1475 7384 4077
2290 4812 9934 5260
9107 2259 9903 2984
1085 6795 2087 8878
7443 1435 10000 2218
1085 4438 1960 6795
4502 0 7112 813
1960 522 1984 6793
