556 5288 1590 7168
8102 3367 8796 3977
0 1000 4190 1175
2521 3240 3736 5438
2895 1175 3695 2439
9526 6764 9892 8706
8798 0 9783 4383
2341 2794 2464 2917
3553 2614 7447 3154
4190 1027 5730 1189
475 7965 1514 8138
7602 7913 8163 9750
5603 7462 6247 8217
1900 188 2762 960
5642 483 6497 656
6844 0 8077 1150
0 8145 1379 8947
2597 5443 5384 6067
3218 8701 6282 9161
4273 6077 6248 6680
55 4618 302 6564
4149 9161 6108 9203
0 7168 1586 7965
3228 8088 5253 8219
4044 9891 5764 9902
5764 9881 10000 10000
2584 2615 3256 3070
6773 6078 7384 9371
261 1182 372 3839
7384 6077 7602 9371
2564 6067 4259 7163
2762 188 5543 926
8366 6764 9526 8636
9417 8706 9892 9879
8163 6763 8366 8636
8077 225 8132 3224
7603 6078 8050 7913
1379 8324 1748 9747
2669 2501 7449 2604
8163 6078 9892 6763
8166 8636 9417 8842
1745 3356 2521 7144
845 233 1894 973
5730 656 6844 1251
421 4119 1511 4625
8512 8842 9417 9750
9892 0 10000 9800
6248 6127 6282 7856
1826 7323 1939 9503
4259 6680 6248 7397
8132 0 8798 3342
45 4037 301 4473
6282 6078 6773 9371
298 281 845 754
3217 9371 7601 9750
380 1185 1317 3964
9783 0 9892 6077
8050 6078 8162 7875
5018 4936 9782 5443
5020 3977 8794 4383
2338 3154 7430 3240
5018 3242 8102 3973
1066 4645 1717 5288
1590 5288 1745 8291
8163 8842 8512 9750
1661 1311 2338 3356
495 21 4283 188
7624 1156 8077 3242
127 9012 1370 9734
3863 1251 7590 2492
2468 1779 2814 2317
3217 8219 6282 8701
5017 4383 9780 4936
1317 1393 1661 4119
3218 7397 5517 8088
3220 9208 5286 9322
5384 5443 9782 6077
1939 7164 3217 9750
3703 1273 3863 2451
1688 1236 2717 1311
5752 0 6839 460
0 9750 9412 9881
319 5607 556 6972
2537 5439 2564 6934
3736 3241 5017 5439
