4447 5797 5252 9695
331 7505 3640 8158
7569 274 9245 2116
4901 3580 5440 5778
6294 5504 6582 7765
0 1964 755 4584
330 8158 3346 10000
5167 1738 6331 3580
6044 5128 6068 8328
7863 4898 8544 8484
3346 9697 6841 10000
8702 4043 9396 8484
1682 2649 1875 4364
6648 9191 6902 9457
4448 2972 4901 5658
6331 2116 8505 3905
1651 0 5998 1737
8510 2116 9285 4043
7583 8484 9391 9222
4658 1772 5167 2958
6218 3905 8510 4898
6840 7461 7717 7724
3910 1738 4658 2512
0 0 752 1964
6275 0 8099 116
3640 7609 4384 8714
6949 9316 9917 9995
9931 0 10000 10000
9396 2963 9931 9084
755 0 1651 4584
5440 3699 5519 9661
9285 252 9931 2963
9024 15 9692 252
3897 2512 4447 7609
6226 7765 7502 8942
3078 7007 3885 7501
5998 212 7568 1720
2284 2031 3897 7007
5255 7403 5435 9567
51 4584 1721 5788
6582 4898 7863 7461
1657 1737 3654 2024
1883 4024 2166 7447
6068 3605 6217 9608
9521 9084 9925 9297
8544 4109 8702 8484
2170 4886 2284 6299
13 6793 330 8765
5519 3580 6044 9697
454 5788 1795 7505
3346 8714 4447 9697
