817 40 4503 579
8383 1895 9190 3840
0 9848 5213 9926
740 1227 9273 1777
967 722 4461 809
5384 3840 6697 5869
3071 5348 3374 7290
964 815 9229 939
3482 6068 7526 6232
5337 8214 7491 8837
3884 7786 6277 8020
2212 579 4556 606
7526 5002 10000 6118
2869 2706 2917 8089
3374 3383 3482 7582
5972 8837 9167 9246
1978 1777 9281 1892
3884 8020 6193 8209
3887 7288 6277 7786
2171 4948 2396 9262
9374 9054 10000 10000
2212 2587 2359 4784
2184 2170 7875 2377
1910 6550 2166 9841
1072 7751 1910 9846
6481 6924 7128 7156
1200 3549 1250 6968
2916 2494 8361 2706
7099 0 7898 815
5 3235 312 4517
9055 7383 9165 8648
2867 8951 5972 9219
7071 3840 10000 5002
769 6526 1035 9848
1910 1897 6206 1931
3874 3840 5384 5869
5213 9246 7652 10000
4633 0 6614 783
3482 5869 7526 6068
2396 2494 2865 9846
3502 4283 3874 5867
9190 3296 10000 3840
1280 1784 1552 7748
0 0 733 3235
56 4517 281 9758
8039 522 9274 686
2494 1931 8255 2170
2867 8530 5337 8951
7898 0 10000 466
2622 2403 6230 2494
6664 99 7095 813
6277 7156 7488 8214
380 9940 4807 9987
4840 7179 5854 7285
4714 6595 5955 6778
6152 6232 7822 6877
1741 6549 1897 7531
9167 7376 10000 9054
2917 7582 3884 8530
283 4610 769 9848
9281 466 10000 3296
7822 6118 10000 7376
6697 5621 7162 5824
1025 940 9277 1227
733 745 964 1166
2865 9219 5213 9848
7652 9246 9374 10000
794 1965 1200 6526
7491 7376 9055 8837
3890 8244 5308 8530
6697 3840 7071 5608
3483 3424 8326 3840
3793 6995 5698 7050
1716 1931 2161 6549
1552 2510 1716 6586
3265 2712 8383 3383
