5114 6344 5344 9723
3259 2646 4248 2818
3847 59 3913 848
8840 6762 9414 7813
9118 1983 9406 2013
1846 8264 2339 9379
0 7580 2315 8111
144 6956 871 7238
36 3586 1811 4075
7281 8284 8266 8698
3191 2818 4248 3322
1237 2596 4250 2646
576 8179 894 8738
1189 4483 1477 7577
7248 7908 7699 8232
2603 0 2682 2041
2403 7406 3235 7753
4480 6535 4512 6642
9682 1908 9875 3643
5821 8695 7231 8744
6582 15 9813 197
7429 9744 9425 9986
5780 2105 5940 3215
4250 2041 4576 3319
9730 283 9993 1756
1423 2646 3259 2798
7278 7738 8188 7812
613 4851 999 6956
8694 2108 9049 2220
9414 4174 9824 7232
2015 5416 2213 6815
8229 211 8511 698
7111 2012 7743 2654
311 829 575 1172
2419 7753 3013 8744
4264 8625 4485 9365
8625 4216 9398 5049
8084 5049 8771 6874
7105 2666 7711 3020
5802 38 6332 845
7560 9639 9796 9705
310 4744 613 6077
4718 9726 5606 9879
9825 3979 9870 10000
8822 2632 9682 2970
101 9112 354 9992
2858 8950 3700 9358
44 5117 238 6067
8898 5055 9410 6736
2 976 36 7063
853 822 1123 903
2216 5637 2308 6093
2922 5279 3376 6984
8757 2221 9679 2574
3235 7162 4564 8585
3578 0 3847 2075
7974 3788 8538 5038
5638 8744 7365 9457
2404 5306 2922 7406
6928 1035 7743 2011
1192 2646 1422 3429
6572 7119 7233 8695
9875 1756 9999 9951
5440 6397 5632 7838
6600 3666 7910 4603
3236 1893 3455 2579
8771 5512 8830 7644
6159 9808 7420 10000
3399 3322 4362 4964
1705 674 1751 2405
6432 4005 6572 8289
7744 1092 7874 2717
530 8890 1053 9846
2344 5266 2403 9242
3398 4974 3664 7125
5620 9464 7324 9791
5435 1737 5640 2782
999 4485 1189 7580
0 0 1125 822
1866 3935 1955 4764
2044 2048 3236 2596
8238 8991 9825 9621
7233 7111 8771 7738
5344 0 5434 8960
3502 9546 4436 9749
8962 699 9720 1241
4576 2048 5010 6383
36 1442 1390 1742
7944 5536 8084 7052
5808 964 6224 2093
2471 5266 3350 5279
8695 1657 9172 1968
1125 0 1325 903
8538 3812 9765 4170
1826 3429 2409 3766
6332 0 6432 8681
5344 8972 5620 9464
6705 514 6861 3372
5434 21 5802 1737
1484 6935 2343 7577
5440 2804 5647 6211
3168 8585 4175 8854
1751 0 2039 2405
7099 3020 7798 3597
8521 204 8691 2896
5942 4999 6180 7691
5168 0 5344 5917
5965 4145 6017 4244
5434 7871 6225 8695
7874 698 8521 2970
3664 4964 4069 7125
6930 2235 7097 3186
1483 4951 1951 6896
6225 845 6332 8673
6597 1214 6650 2607
2409 3429 3399 3766
4069 5040 4347 7043
36 2597 1192 3586
2682 0 2959 2042
6432 197 6584 4005
7299 906 7684 1003
4362 3319 4564 6534
8262 2970 9681 3786
36 6131 484 6897
8280 8192 9825 8991
1955 3766 3397 5266
4461 80 4957 1290
7935 3007 8262 3685
8321 6874 8741 7095
575 903 1390 1442
2959 0 3578 1893
1325 0 1751 674
4564 6391 4718 9879
2107 38 2261 209
5010 0 5168 6344
3459 2075 4248 2596
3932 113 4427 1404
5694 1772 5779 4471
2039 209 2603 2048
4718 6383 5114 9723
36 1742 1390 2405
36 4541 862 4744
406 9080 517 9588
8016 7813 9825 8192
1422 2798 3191 3429
1199 3429 1689 3579
7365 8702 8238 9595
2404 8764 2858 9379
5779 3223 5937 7871
9206 1761 9850 1908
1061 8111 1846 9379
7765 7842 7933 8248
36 2405 2044 2596
3847 1404 5010 2041
7031 4785 7867 5439
3464 7125 4422 7162
6574 5439 7944 7111
9429 7232 9791 7805
5697 4825 5775 7871
1069 9379 3416 9825
1120 9879 5575 9940
36 4075 1866 4483
3759 8872 4184 9327
1390 674 1705 2405
8729 1320 9695 1630
6673 4932 6745 5193
