3286 8907 3597 10000
1688 755 2816 1165
5723 5343 6780 7051
9213 1300 9903 4098
1208 6089 1417 9137
7739 6014 8361 10000
0 543 287 5301
6517 1210 6697 4530
2923 392 6021 587
9309 0 10000 1300
9444 4098 9623 7596
1747 1166 2809 1427
6780 6114 7738 6884
8691 1210 8864 7120
9644 6756 9982 7545
3466 8176 3767 8336
3174 8378 7738 8592
2302 5413 2787 8101
4907 5632 5066 7898
1799 5248 2302 6285
0 5301 321 10000
3597 8907 4636 10000
287 3582 1309 4526
324 7246 691 10000
8864 2825 9195 7552
1799 8198 2785 9137
3952 3412 5243 3594
1689 1427 2541 3520
4655 588 5127 2719
5066 7491 7320 8063
2473 5113 2629 5413
9636 5611 9781 5953
2541 1771 4370 2719
0 0 1717 539
5066 7052 7652 7491
1309 3583 1424 6083
5619 5954 5723 7051
324 5967 691 7246
2541 2966 3038 4447
5205 3595 5766 4426
4370 587 4399 2331
4636 8907 6097 10000
3038 2719 6517 3339
8361 9456 10000 10000
7784 1654 8217 2231
3174 8592 7738 8907
7447 4872 8138 5783
9413 7596 10000 9456
7679 7 9219 634
9903 1306 9957 6528
1799 6377 1830 8076
325 4598 1309 5967
287 539 1047 2791
3680 4965 5164 5632
3977 3339 5450 3395
3183 3769 5205 4447
8361 1209 8561 9455
1688 3520 1799 9107
2812 0 7594 392
1800 8101 2770 8198
9250 5517 9383 7638
1049 548 1683 661
3174 4845 3517 7970
291 4526 1101 4598
7594 57 7628 247
7441 1221 7633 4189
6285 8907 7739 10000
5164 4651 6701 5343
6785 5820 8356 6014
4429 913 4655 2719
321 4663 324 9408
287 2791 1047 3582
5399 1980 5518 2462
6342 392 7611 603
1717 0 2812 755
1830 6285 2302 8101
6056 636 7881 692
5145 1342 5338 2476
2816 698 4370 1771
2288 4705 5144 4845
1425 665 1688 9137
5600 1237 6515 2719
2255 4537 6701 4651
1047 661 1425 3582
5127 692 9309 1202
2255 4447 6175 4537
8561 7638 9413 9430
3538 5170 3616 7382
7137 1206 7441 5820
691 5967 1208 10000
1800 3559 2255 5248
6097 8907 6285 10000
7650 2231 8360 4871
2787 4845 3174 9136
3616 5632 4853 8065
5109 5808 5561 7047
1208 9137 3286 10000
6701 1202 7137 5343
3767 8065 7739 8378
5766 3339 6514 4443
8588 9430 9377 9448
