4190 2263 5123 2607
5967 8158 6061 9604
6173 5453 10000 5969
1213 3654 1253 6668
7 662 809 4246
3883 2146 8788 2214
3858 307 7251 821
7597 898 8677 1345
6503 2613 8687 4097
0 7730 457 9862
1402 5056 2020 5538
3858 1142 7597 1301
7743 7934 8805 10000
6177 7574 6607 8497
7251 536 7846 653
462 9604 6661 10000
3923 7675 4263 7918
2129 4972 2967 5453
9036 562 9080 3735
9145 139 10000 4097
8972 5970 9924 6052
5281 7678 5967 9604
6173 5969 6897 7485
4010 6272 6135 7663
8840 6061 10000 6706
2121 5464 2755 6542
2755 5453 6173 6259
2760 6259 3193 9292
3764 7930 5019 8309
3954 8344 4391 9409
1453 5617 2113 6675
2130 1301 7480 2145
6897 5969 7770 7485
3193 6259 3764 9604
1067 3467 1168 7092
6446 125 7955 238
1053 0 6446 307
6503 4395 10000 4961
7480 1462 8941 2129
1253 3463 2129 5056
6503 2214 9036 2613
7 4246 656 7730
2129 2145 3642 4972
8687 2613 8832 4075
4325 2808 5486 3635
5531 2215 6503 4961
7 0 1053 662
1168 6675 2760 8728
2967 4981 10000 5453
1053 307 3858 1300
2 0 7 7371
3771 4961 10000 4981
3642 3635 5531 4961
6661 7485 7743 10000
8805 6706 10000 10000
6061 8504 6661 9601
809 1301 2129 3463
457 8728 2505 9604
4466 8733 5281 9604
3838 6259 4009 7264
3858 821 7595 1142
6503 4097 10000 4395
3663 2304 4180 3601
656 4363 1066 8715
7770 5970 8805 7934
