5095 1336 7478 1541
4579 3863 8647 3904
6519 2910 9638 3684
9639 0 10000 7059
4394 8363 9625 8425
6634 4243 8022 5659
0 5823 261 7203
0 0 3938 405
3677 7696 7331 7726
1146 1642 2669 3324
973 7247 1737 7421
4625 1213 4700 3159
50 2452 279 3971
3272 3917 5719 4104
733 7539 7420 7686
1855 4130 4358 5561
877 1439 956 5598
8024 5280 8575 7723
1749 3327 1855 6772
4938 9572 5759 9658
3369 7781 4547 7961
0 7686 2804 8621
5151 4890 5406 5295
956 547 1146 7247
4214 1653 4571 2695
6277 3904 6634 7539
6271 1583 7790 2396
4358 4387 5131 5219
2805 7961 4394 9677
6674 3917 8460 4243
0 504 8164 547
1146 548 3722 1642
4777 686 5095 2947
4358 4116 5749 4268
3663 6082 6277 6761
2168 5717 2902 6683
6400 2959 6509 3227
2669 3123 2946 3530
6412 2408 8010 2910
3938 0 8164 504
4463 5256 5081 5533
2074 3530 2982 3744
0 547 818 2247
4394 8613 6001 9572
3733 7298 5711 7325
6102 2706 6350 2878
348 447 2934 498
5361 3020 6019 3196
2670 2141 3008 3047
3048 1824 3613 3871
3613 3684 9638 3863
9625 7059 10000 8425
4394 8453 10000 8613
279 2247 733 7686
4115 3379 6519 3604
8164 0 8778 2910
3243 5561 5706 5993
2820 9677 5857 9990
6001 8613 8641 9744
4394 8425 9717 8453
2023 7352 5445 7496
9205 3863 9625 8324
2 8646 372 9863
6735 9744 8351 9956
6662 5659 7903 7539
4707 7754 5262 8193
8641 8613 10000 10000
5706 4316 6277 6053
8946 3863 9205 8348
739 2330 868 5978
1169 3324 1744 7227
8022 4243 8547 5278
1908 3858 2861 4130
5095 547 8159 1336
1482 7438 1694 7517
1310 405 1464 409
1799 6772 6277 7298
8778 0 9639 2910
372 8621 2805 10000
8575 4022 8741 7698
4040 1368 4535 1472
3722 772 4021 3681
37 4023 238 5369
5095 1541 6102 3020
8741 3889 8938 7387
5262 7726 8946 8363
