5153 8071 7880 8309
5800 3073 8029 3652
7058 5654 9649 5760
6230 6466 8454 7040
2029 7845 3222 9379
3572 7489 6254 7617
3660 576 3976 2975
7364 9054 8567 10000
4773 1534 5311 1715
2659 2319 3488 3125
1103 2859 1272 3551
4387 8539 7365 8732
1013 3551 1236 9076
4406 0 7820 234
7545 1287 8306 2404
2259 1393 2629 3254
7365 8539 8572 9054
6663 5396 7045 5699
1646 635 3000 1319
0 9874 7364 10000
8572 7755 8766 9431
5150 7619 6135 8071
1076 312 8716 350
9828 312 10000 4897
5442 9506 7364 9818
511 3474 696 5582
6498 6182 8621 6185
2222 3254 3829 4742
6369 2480 8751 2856
3561 5561 4705 5750
2221 4742 3762 4908
3564 6185 9753 6282
3222 7866 3392 9044
4246 481 4753 3979
8029 2867 9826 3642
6631 2404 8330 2480
1315 3039 2056 4544
1440 484 3599 635
2680 5402 3310 5416
1464 9413 2485 9738
5141 3624 5624 5760
6085 3652 8279 3915
1098 97 4404 234
1180 9818 7364 9872
4879 579 8197 821
6372 899 8864 1287
3563 6516 4541 6952
6135 7827 7841 8067
99 9162 1180 9874
346 3793 493 6546
8497 7259 8766 7755
7045 5162 10000 5654
169 1529 182 3008
4930 1185 5150 1435
8454 6470 9753 7029
4041 885 4074 4845
5800 2856 8029 3073
6846 4897 10000 5162
7264 3915 8206 4480
789 880 1277 1785
3567 6282 9753 6466
4879 821 8230 883
8851 7029 9500 7494
4897 494 8082 579
138 8902 577 9048
81 126 1076 811
8766 8724 9977 9431
208 3615 325 5839
3976 476 4040 4807
5796 885 6369 2856
8263 7060 8851 7130
7219 7219 8497 7809
3572 7624 4339 8219
6254 7040 7219 7561
6141 3916 6598 5763
5629 885 5796 3654
1352 9386 4033 9413
3572 6963 6230 7489
2059 1319 2221 5620
4246 4410 4971 5561
4753 1715 5629 3624
4246 3979 4956 4410
8409 8032 8502 8226
1752 8522 1790 9385
3564 6021 9743 6182
729 6382 885 8169
9756 5904 10000 7822
2032 5620 2339 7845
1653 1386 2059 2862
7231 7040 8263 7219
3392 8241 4112 9360
8567 9431 10000 10000
3564 6961 3572 7839
5124 3841 5141 5296
1193 9076 1381 9379
8306 1287 8745 2207
3037 635 3660 2307
888 6402 1013 9162
7880 7809 8409 8310
6369 1287 7545 2386
4767 476 4879 1501
9790 1887 9819 2563
4113 8693 4278 9385
1104 373 7972 476
8279 3642 8912 4006
8912 3642 9828 4223
2340 5352 2533 7809
4971 3835 5124 5498
6253 8732 7362 9506
8766 7494 9500 8724
4074 483 4246 5557
6846 4480 8819 4897
3831 2975 3967 5444
4789 6495 4977 6864
8820 4223 9826 4897
698 2680 820 6170
7820 0 10000 312
1385 9507 1464 9747
11 2998 91 4319
3561 5763 9756 6021
1383 4787 1930 5107
8751 1852 9790 2867
5158 8310 8568 8385
272 855 698 3435
1 6709 99 9719
1801 234 5713 309
2499 355 6552 373
5155 8385 8571 8539
2222 4909 3829 5341
4278 8732 6253 9477
8591 7147 8845 7259
6841 4075 7263 4480
6663 7561 7067 7798
1487 929 1585 2075
8206 4006 8820 4480
9500 7030 9742 8664
4977 6470 6230 6963
8230 350 8864 899
4114 8235 4386 8693
6598 3917 6841 5356
8864 312 9828 1852
291 0 4406 76
407 6767 624 8900
2533 5416 3561 7845
5624 3654 6085 5760
845 1863 1013 6350
1236 5107 2029 8379
1824 8379 2022 9386
6091 3916 6141 5717
122 3269 204 7984
4386 7617 5150 8539
1277 630 1415 1939
2485 9477 5442 9817
