1939 4413 2435 5313
1 262 64 9689
3180 6462 3766 8280
6881 3719 8024 4822
65 9373 6396 9542
5964 5336 8494 5681
3297 9542 6396 10000
7730 1 7988 1172
1741 6516 1969 8845
9352 588 9810 1628
3029 2580 3398 5309
2535 8401 9175 8639
9885 0 10000 10000
404 3247 700 4745
8024 1922 8633 4822
2281 1849 2497 3833
2901 0 3029 7052
6975 0 7730 1330
7433 8854 9197 10000
3487 620 3662 1245
5331 40 6953 157
3029 0 3398 2580
6196 6998 7164 7242
4793 8319 9195 8401
1997 0 2281 4413
9776 6530 9885 10000
66 9237 5793 9372
4026 1682 7347 2552
9312 7707 9776 10000
813 990 1635 1396
0 9763 3297 10000
6065 6638 7406 6998
6070 5838 8108 6631
107 317 656 1560
3765 433 6975 1036
7988 0 9352 1913
580 7527 1559 8014
4260 8645 5605 8675
6376 8639 9195 8854
5794 8656 6376 9373
1166 7412 1372 7521
7955 7428 8139 8098
324 5542 2097 6192
3767 2806 8024 3188
2551 7054 3179 7599
6065 7259 7474 8313
1133 326 1772 894
6137 3719 6881 4527
2528 8677 5787 9237
341 6214 1741 7229
2545 7599 3180 8401
8198 5982 8503 6859
1940 2858 1947 3266
818 4406 1634 5282
2528 425 2551 7357
4248 3448 4355 8237
1838 0 1997 2781
3761 3188 8024 3448
9197 7916 9312 10000
120 8214 531 9003
3791 1911 4026 2697
8633 2955 9667 4822
1057 5359 2397 5508
1969 6192 2528 9233
2551 0 2901 7054
4879 5918 6065 8319
541 8220 1521 9195
64 1560 1838 2565
8579 7701 9312 7916
4027 2552 6098 2687
8011 7275 8111 7421
462 2565 1594 2602
3180 8280 4787 8401
8139 7772 8579 8319
4343 2698 5972 2806
3814 3449 4138 4798
3398 1245 3761 5307
1642 4393 1870 4929
4355 3449 4827 7381
5964 5681 8400 5835
873 3272 1885 4393
4356 17 4726 427
6843 4822 9668 5186
3766 4798 4248 8280
9674 6530 9698 7707
6396 8857 7433 10000
107 2619 1658 3015
4879 3448 8024 3717
4879 3717 6137 4512
7529 6648 7955 8318
9452 1644 9885 2955
7347 1330 7939 2806
3765 1036 6945 1682
2945 9699 3272 9763
7939 1677 7962 2610
4553 7381 4650 8140
3029 5309 3766 6462
5964 4527 6843 5336
4827 3448 4879 8319
8503 5186 9674 7701
4798 93 5155 307
9674 2958 9885 6530
4879 4512 5964 5918
64 3015 324 8016
8633 1913 9452 2955
