1536 9080 2233 10000
9068 1009 9338 4537
8361 8716 8652 9668
7161 9322 8335 9952
7870 4537 9288 4655
2691 2342 2857 8250
8996 7478 9176 7806
1536 8250 5055 9080
7746 6512 7837 7579
9176 5489 10000 7834
5262 2471 6782 4801
3276 959 5415 2119
1754 5824 2434 6206
3981 3936 4403 6834
9338 0 10000 4717
6315 5085 6543 8991
5448 6602 5452 7353
5418 1389 6782 2471
1239 8138 1536 9534
6549 6108 6742 8781
8911 6100 9103 7238
88 4185 273 5049
3566 3958 3743 5080
0 959 1727 1425
1218 6938 2351 8122
1728 959 2660 5824
7675 4717 10000 5489
4138 6985 4955 8227
7986 6503 8163 7258
5165 6071 5447 9477
6776 0 9337 1009
5481 4801 6315 8991
122 260 4321 736
5486 8991 7097 9695
5417 876 6775 1389
7042 7602 8172 8785
2411 6952 2639 8098
6782 1009 7244 7602
1355 1427 1725 4179
0 876 5417 959
4321 253 6775 876
6554 8810 8102 8875
3276 2119 5418 2309
2233 9087 5165 10000
3669 7835 4028 8218
4419 3795 5012 6660
7244 1083 7329 7508
5056 2521 5137 9087
529 1491 1033 2059
5294 5235 5481 6037
2660 1027 2685 7599
0 0 6775 253
7331 1009 7397 7584
7397 1009 7675 7601
1084 1425 1355 4179
5137 2373 5262 6071
205 762 2804 863
8652 7834 10000 10000
2857 1638 3276 5182
3276 2309 5056 3795
8464 6587 8902 7802
394 4179 1728 6339
2857 5228 3893 7628
1942 6206 2657 6901
394 6339 1218 10000
7675 1009 9068 4537
0 5049 394 10000
0 2059 1084 4178
