2167 5581 2543 6837
9079 3633 9426 7171
3193 0 3612 1544
8417 5695 8686 6834
8103 9523 9209 9913
5421 0 5563 6256
3318 9026 4651 9030
8268 3771 9079 5408
5878 8783 8453 9085
8297 1704 8633 2222
2548 5652 2607 6834
632 6845 2786 7107
4993 9958 9658 9974
6142 4036 6939 4638
9939 1203 9984 4255
7449 4587 7971 6262
2787 3521 2932 5142
5668 7324 6027 7744
7666 688 8291 2044
5723 0 8824 224
3056 8481 3667 8854
236 1567 649 2456
5565 5181 6974 6000
8719 1707 9113 1935
1654 7833 2473 10000
3317 4767 3490 4933
7345 6407 7723 7366
3537 3289 4744 3340
1013 3530 1199 4724
3249 2663 4689 3289
9945 4845 9977 6166
319 5012 447 10000
7727 6262 7971 8164
3667 8307 5878 8936
4722 3563 4847 5768
4553 7880 5036 7892
8439 7210 8621 7991
5723 534 8418 688
5563 0 5723 5181
2786 6574 6169 7198
3549 5043 3616 5587
697 7112 2465 7833
3258 3996 4669 4579
8824 0 9426 545
5821 3250 5946 5009
2473 7107 2783 10000
1612 4469 2197 5199
809 1944 1199 3515
3137 9035 5639 9084
7525 689 7628 4587
7448 688 7525 4466
1200 1508 1294 4621
725 1491 1151 1560
7628 1240 7664 4476
66 3517 319 10000
691 1730 1176 1943
1072 6143 1190 6838
8618 3112 9077 3771
5789 224 8823 534
2607 6414 7308 6573
5792 1805 6337 2786
7399 9352 8784 9406
3247 9870 3514 9918
578 160 1885 455
6169 6573 7343 7372
5898 8261 6245 8611
3055 7198 5661 7880
4847 2523 5417 6263
0 0 228 2753
447 6464 632 10000
795 5167 1068 6828
3110 1572 4909 2517
6974 3759 7448 6407
2659 3521 2787 5964
7847 8256 8443 8783
1294 1482 2199 4469
9700 4340 9945 7183
8137 5482 8344 6383
3110 2523 4661 2663
1565 5512 2167 6845
7664 3112 8268 4486
8638 1936 9157 2716
639 7313 688 9128
1564 5199 2659 5512
7751 2924 9075 3112
6044 7372 7725 7808
5664 7808 6832 8164
9426 145 9522 7197
2199 3521 2531 3716
9700 0 9939 4340
1209 4894 1564 6838
5723 1049 5788 5066
9522 0 9700 7182
8189 6383 8362 8163
447 5230 766 5992
8104 4486 8130 8150
3054 9085 6361 9584
8405 5459 8577 5669
6152 9817 7814 9865
5867 6000 6953 6125
1081 4732 1209 5759
8627 7668 9258 8117
6245 8164 7847 8783
8453 8117 9258 9352
3180 9584 4472 9826
3053 8936 5596 9026
7971 4486 8104 8256
2783 7199 3053 10000
3638 4589 4034 5603
3529 3421 3546 3719
4690 2554 4843 3289
2678 5964 4847 6257
7790 2187 7912 2248
6137 3197 6844 4036
4473 9593 8103 9817
6239 2848 6245 3128
5960 3140 6121 4953
6476 9452 9173 9499
6363 689 6663 3197
228 455 3186 938
1331 4537 1510 4894
8464 545 9151 1699
5417 1201 5421 5473
3055 7892 5664 8307
2199 1165 3110 3521
5724 5066 6933 5181
2916 5268 3516 5939
5789 688 6347 1805
3771 0 4917 1572
6361 9094 8210 9267
745 7833 1654 9134
2199 3716 2659 5199
1085 9157 1509 9312
4917 0 5417 2520
9157 921 9426 3633
0 2753 66 10000
4045 4800 4605 5761
400 938 3144 1165
8723 5408 9074 7619
6664 688 6848 3158
2726 6263 6952 6407
6839 7809 7727 8164
319 3517 1013 5012
228 1168 2172 1482
66 2753 809 3511
3110 2702 3249 5268
3580 3340 4722 3970
9258 7197 10000 9958
3612 12 3771 1571
7890 2440 8590 2917
6848 694 7448 3759
