8966 617 9905 1660
3923 8725 5584 9083
4278 6765 5294 7616
0 6427 1428 6713
7511 5777 8608 6601
5166 3917 5228 5405
2008 9249 2232 9634
7276 6714 9112 7289
3943 7277 4278 7584
622 8193 8372 8248
9112 6548 9630 7310
6661 635 6865 1121
0 8149 8509 8193
6782 1398 7261 2105
3315 4449 4229 4947
1027 6102 1425 6427
1572 3253 1803 6711
6019 784 6138 5161
8824 7310 9630 9177
2600 2970 4424 3382
4506 2088 5213 2504
8631 8493 8820 9565
5584 8725 7909 9083
1193 2410 1605 3166
1805 3286 2047 3792
4493 8359 7992 8386
4714 3922 5161 5030
5317 7302 8819 7775
8676 1855 9079 2833
9630 3777 9837 8301
2447 471 5342 915
0 2415 1044 3239
1044 2410 1193 3238
6865 606 8267 1398
6080 5778 7511 6494
5294 6768 7275 7302
3442 8320 3711 8548
6219 4595 6579 5062
4083 963 4506 2833
3462 1261 3785 1671
2008 9903 8700 10000
3425 7003 4197 7224
4229 3873 4714 5030
2008 8283 3442 8734
6592 3384 6758 4680
1607 2410 2118 3253
2237 3779 4137 4228
3186 2550 3483 2946
3443 8548 8629 8725
2122 2444 2600 3650
1428 3166 1572 6588
7909 8742 8629 9549
7570 2985 7867 4202
1113 941 3274 1439
2603 6635 8580 6714
502 9251 702 9862
5422 5830 5751 6013
968 8317 1441 8330
699 4196 1130 4449
5889 0 6019 6280
5231 3590 5328 5672
1446 1623 1850 1884
702 8330 2008 10000
0 8208 405 10000
9558 1753 9910 3388
1123 7003 1917 7213
174 7270 1877 7614
6045 188 6136 784
0 4345 341 6427
4506 2727 5889 3566
5834 3599 5889 6214
1544 3 3316 61
0 3242 1427 4147
2642 6611 8294 6635
5558 9497 7772 9903
3932 9083 7905 9093
6758 3409 7361 4747
2870 4776 3304 5661
6567 6494 7034 6582
8700 9566 9402 10000
6834 5761 7830 5777
2579 6281 6080 6611
9838 5285 9902 7648
3803 1112 3997 2096
7301 2632 8247 2653
9373 2914 9498 3373
4632 6726 6272 6765
2047 3650 3207 3779
4137 3766 4842 3867
6138 1122 6775 3328
5342 646 5584 2483
7867 3246 8785 4248
1803 3792 2233 5955
2015 9093 7060 9241
6593 4747 7379 5761
8647 608 8820 1813
2232 9422 5555 9854
341 6229 843 6418
2579 6172 5834 6281
308 4147 1190 4182
6379 4424 6523 4441
4257 8499 8631 8548
9910 603 10000 8303
4506 2504 5631 2727
2873 5669 2990 5957
1274 98 4348 284
0 6714 4278 7003
7060 9093 7908 9497
7379 4248 8819 5585
6600 344 9983 603
2241 9241 7060 9422
9641 8303 10000 10000
4348 6 5715 399
5937 7775 8824 8137
4987 3566 5231 3917
7333 2678 8267 2985
8819 3772 9605 4464
3207 3566 4987 3766
1803 5955 2579 6714
5791 23 5886 2689
8098 9601 8168 9766
0 7616 5315 7724
8580 6605 9111 6665
7361 3017 7570 4104
5328 3569 5833 5830
6162 4424 6209 5159
8825 924 8936 1794
0 7821 5908 8137
1985 7024 3425 7616
4962 8388 8823 8493
128 7003 1123 7211
8869 4531 9630 6514
9085 1660 9322 3764
5626 951 5774 1975
6598 0 9993 344
2775 3419 4112 3559
8821 9177 9600 9563
613 4449 1427 6102
185 1804 1375 1898
6176 0 6598 723
3765 8363 4334 8487
568 9862 701 9996
0 8137 7050 8149
7267 1401 8272 2632
2868 4288 4078 4408
8384 8212 8821 8357
2233 4228 2868 5955
4393 8390 4962 8467
9322 3388 9901 3772
9993 310 9997 478
407 8248 697 9204
1090 305 2169 934
0 982 1113 1804
7772 9551 7999 9686
341 4186 613 6229
6138 3328 6592 4424
2990 5672 5328 6172
0 118 1040 980
6024 5161 6593 5778
2008 8734 3923 9093
4521 915 5325 2082
6775 2105 7267 3409
0 1898 3702 2410
0 7724 5317 7821
8608 5717 8633 6434
2390 1576 3026 1828
3915 8248 8382 8353
2868 4583 3162 4776
1252 8258 3915 8283
8272 609 8647 3245
3304 5030 5166 5672
3702 2200 4048 2579
2992 284 4300 464
7380 5585 8425 5750
