0 6255 1143 7549
2434 6578 9204 6628
1490 7488 7183 7889
6415 4571 7760 5095
5789 3111 7284 4196
1836 8265 5364 9369
872 1467 2694 1572
3619 3908 3833 6471
8398 958 9094 4820
2105 4405 2885 5367
7284 1743 7842 4196
7691 0 9094 958
3833 3881 4207 6536
8208 1831 8398 4834
9094 0 9894 2154
650 9630 5047 9674
2528 1104 4636 1364
2885 4487 3159 5363
5159 4255 8208 4571
2105 6632 2865 7379
8047 960 8135 1498
9497 5553 10000 10000
5386 4576 6325 4610
6467 7031 8006 7436
3851 1430 7093 1843
5159 4640 6399 5615
4420 5675 6737 6535
2342 44 2457 1244
1613 3982 1725 4184
8679 4820 9173 6572
7842 1753 8208 4196
856 4386 1173 6255
4725 237 6633 1430
2532 11 6598 237
289 2373 7283 2475
9352 2154 10000 5553
6633 0 7691 1263
5481 7898 9204 8592
9894 170 9918 754
6825 5303 7862 6578
1971 4546 2105 7319
2462 237 4725 1104
1173 3707 1478 7550
288 1572 3210 2373
536 2705 646 3045
3879 3808 3929 3846
9204 2154 9331 8812
6486 6652 8569 6773
8006 7037 9193 7807
1478 4781 1931 7488
4207 3617 5159 5675
6814 1263 7519 1363
9109 2990 9202 4820
0 7550 1490 7800
7876 4834 8635 6578
9331 2721 9352 8720
3458 6536 6776 6578
1837 7889 5481 8265
6435 6773 8984 7027
0 7889 1836 9369
7890 9682 9263 9915
7093 1498 8397 1743
957 3790 1131 4303
2105 5367 3583 6536
159 5246 504 5533
7183 7436 8006 7898
3849 1843 7283 2373
0 3275 856 5246
5364 8595 6019 9674
289 2475 7280 2663
9448 5668 9497 8423
3210 1364 3849 2332
0 9674 7890 10000
646 2663 7279 3111
6025 8594 7448 9674
3187 3626 3619 5357
403 3111 5773 3275
856 3275 5789 3617
5345 4196 8208 4255
325 0 2329 1412
7448 8812 9454 9673
1912 3622 3061 4324
838 9369 4696 9625
0 0 288 3275
2865 6628 6435 7488
8153 964 8398 1443
