1595 0 4083 1097
4328 5971 4539 8543
2999 1277 3743 2771
5929 878 7189 2163
7444 3639 9432 5192
5411 782 6287 878
4328 8544 6736 9827
7375 7416 7596 9092
5927 2164 6243 2933
1337 4204 6758 4302
9013 749 10000 2310
3113 5070 3436 5407
0 3736 6758 3952
1337 3952 6758 4204
7653 5564 8250 9827
2617 5588 2850 9827
2617 9827 9431 10000
6509 2172 7486 2305
2850 8356 3654 9827
4693 643 5267 1303
398 1097 2998 1955
396 2540 2999 2778
3761 3164 6243 3647
2850 5588 3654 8356
5122 4811 5493 8524
8370 8623 9334 8922
5267 628 10000 749
4733 4466 4822 8521
6030 6712 6753 8544
187 8432 564 9375
1704 6638 1770 9928
3760 1369 5927 3164
5499 4880 6023 8539
9432 3639 9797 10000
640 4 1595 827
0 2778 3760 3647
7441 5564 7653 7416
3162 4339 4732 4954
7571 1814 8896 2310
398 1955 2998 2540
1146 8735 1519 9061
0 27 396 2654
1337 4302 3113 5588
6243 2310 10000 3639
6758 3639 7374 9827
4083 0 4693 1369
5111 4353 6185 4723
7376 768 9013 1723
4886 5148 5104 7316
8418 8933 9432 9822
0 3647 6756 3736
437 3985 1337 7353
4693 0 10000 628
0 3980 437 8432
9797 3639 10000 10000
3654 4954 4328 9827
1340 5588 2517 5700
599 7353 1696 8562
7441 5192 9429 5564
8250 5564 9432 8623
7374 3672 7441 7363
1770 5701 2617 10000
6049 4729 6609 6598
