8070 3836 8428 5839
2536 7712 6914 8002
1026 797 1544 1331
0 2959 3847 3510
3909 6000 4732 6315
1865 9160 4633 9647
1509 9647 5484 10000
7771 699 8617 979
0 3608 6530 3916
1660 8465 4320 9160
2045 7611 2766 7648
2483 4474 5705 4578
3564 8002 6912 8459
8786 5527 9591 7832
0 9633 1509 10000
9812 8418 10000 10000
5059 5292 5796 6936
1999 6035 3860 6874
7523 3856 8070 6587
6464 2170 9165 2296
4231 1532 4511 1823
0 7390 1660 9160
8997 539 9945 1056
6378 42 9756 382
3966 3423 4724 3445
1 3510 5164 3568
6434 1272 7421 1648
4139 856 5132 1246
6193 2353 8885 2992
1704 5946 3853 6035
1859 1715 4185 1828
1660 8002 3564 8465
7410 1728 9160 2125
1833 3573 6440 3608
4190 3055 9700 3405
4323 6325 5022 6937
7470 6631 8428 6733
9585 8229 9812 10000
6149 6733 8428 6937
614 3916 5058 3920
3847 1828 4187 3339
5796 3916 6149 6937
3341 1902 3841 2838
5187 8980 6914 9413
1104 5380 2762 5711
6805 3836 7293 4182
6530 3420 8423 3836
6914 7712 8145 9120
0 5093 3369 5341
6915 9120 9584 10000
1916 185 5169 214
1771 387 2558 906
78 550 724 1840
6149 3916 6805 5562
6149 5562 7449 6733
0 6937 8428 7389
1781 7495 2926 7608
8081 6005 8428 6575
0 3920 2456 4578
3369 5093 5796 5292
1176 5844 1664 6556
8428 3405 8786 7836
4861 5814 5059 5998
0 1928 3012 2959
9196 3408 9700 5383
3531 374 5844 824
6809 4205 7387 5550
2456 3920 5795 4441
7627 1263 9225 1675
9700 1056 9810 5377
3157 5397 4753 5866
4916 3038 7580 3051
143 4763 600 4949
5042 2142 5254 2852
4633 8980 5187 9412
9591 5602 10000 8229
5155 894 7767 1140
9225 1137 9638 2700
8145 7836 9585 9120
2926 7389 8428 7712
69 6583 1961 6857
0 5341 903 6470
4320 8459 6914 8980
5484 9584 6915 10000
9180 2722 9357 3055
600 4578 5790 5093
0 9160 1865 9633
2729 4441 5289 4472
5366 1147 6193 2849
9811 1056 9993 5602
1771 907 4139 1595
4633 9413 6914 9584
1680 7754 2536 7988
8836 4397 9112 5527
