1345 518 1502 1596
3599 5351 4035 5596
7436 6262 7649 7376
1034 8239 1096 9810
4130 4041 4325 5603
7920 3107 9305 3314
3091 410 3982 1623
9434 2853 9481 3063
8111 1307 8493 1867
8828 0 9035 1867
4845 8523 5137 9264
8530 4123 9567 4720
8111 1868 9578 1931
6675 29 6993 1555
4971 1267 5432 3354
1666 8197 2028 8596
1093 357 1288 4230
899 6598 1043 7221
2953 3800 3542 5602
7800 3035 9024 3062
7653 3504 7819 4712
2556 249 2993 1426
2903 9195 3339 9732
2108 2222 2561 5806
7441 3158 7920 3501
7106 9247 7149 9544
7187 7419 9579 7542
201 4566 690 6189
334 6732 899 7221
0 0 7605 29
1181 6594 1623 6949
9035 160 9749 1574
816 265 1049 734
8112 1931 9112 2942
2028 8064 3970 8654
7537 29 7605 3157
4870 3895 5205 5608
8405 3344 9400 3447
3394 9344 4466 9913
6705 6765 7195 7350
2596 8666 4167 9130
1504 512 1584 1417
4459 6116 4470 9068
9573 5058 9695 6893
5410 7286 5552 7368
2087 994 2496 2222
7827 3580 8522 4829
1952 2309 2060 7770
2659 2730 2895 4320
7800 2942 8588 2982
2907 6977 4325 7695
7855 4849 8880 4903
1834 7771 2899 7997
6903 1910 7537 3158
7217 5224 7298 6527
7149 9255 7803 9877
7648 2986 8973 3034
2833 1637 4320 2135
2899 2549 4314 3180
1288 1596 1584 4230
5179 8487 5267 9343
1929 7997 4298 8064
4545 1266 4671 6073
5267 8412 6479 8986
604 1151 1093 1859
201 2438 888 4566
5168 5857 5217 8118
6559 2006 6675 7560
1764 9167 2903 9565
2662 8654 3094 8666
9632 2413 9944 3988
2060 2305 2108 7768
5217 7708 7949 7786
5903 3694 6464 5542
4942 5608 5139 8025
2 8607 395 10000
5410 4237 5894 5785
6741 4992 7276 5146
8045 7630 9578 7797
9114 1931 9576 2853
4760 1275 4971 3886
9749 277 9894 1692
8146 133 8279 1292
4953 9469 6042 9937
9482 4794 9557 7390
1824 2346 1952 6690
6321 8181 8416 8215
6930 3565 7011 3920
1504 7819 1631 8450
7653 5166 8319 5621
4474 9596 4953 9890
6318 7658 7671 7706
6479 8412 9572 8958
1144 7916 1502 10000
1656 3968 1823 4230
2978 5732 4326 6972
8607 3571 9560 4104
0 29 4593 249
7653 5621 8297 7419
1717 4232 1824 8197
8857 5221 9131 5861
4766 4216 4848 5582
6694 4180 7298 4992
2561 4462 2953 6770
5279 7561 9559 7621
9946 0 10000 10000
8113 98 8137 1138
5228 4445 5273 7682
1841 6690 1900 7211
2109 6776 2907 7771
6675 5148 7217 6765
5855 1959 6206 1997
266 6189 681 6620
1972 9937 9942 10000
480 1872 945 2438
5797 29 6207 1777
6038 5546 6438 7555
5364 7986 9580 8055
5797 3099 6452 3694
4671 1276 4760 6043
6104 8218 9569 8226
2922 7699 4459 7991
7605 0 8111 2942
5449 29 5797 2848
888 3014 940 5156
434 285 816 1151
690 4829 781 6653
793 4648 817 4987
3997 341 4289 1631
1518 8750 2540 9158
3970 8086 4446 8526
8493 0 8828 1867
8522 3454 8565 4103
396 8579 1033 9077
8279 0 8493 1307
9578 1794 9944 2352
6993 860 7537 1910
2662 2240 3382 2491
7213 3223 7310 3512
9260 5225 9444 5659
6978 9543 6993 9615
6994 29 7537 860
5821 1777 6108 1941
945 1920 1093 5637
7915 4911 9194 5122
4593 29 5449 679
9151 0 9946 160
9580 6893 9946 9937
1613 9866 1891 9934
5603 7799 9512 7985
395 9077 996 10000
4326 251 4441 7699
7324 6259 7405 7311
6207 29 6675 1989
9702 4845 9944 6262
201 7221 1034 8579
5432 1477 5449 3823
201 249 434 2438
4441 266 4545 6046
7298 3512 7653 6259
3376 9130 4134 9272
1957 393 2455 992
5271 8986 7034 9459
2496 556 2520 2196
827 5637 1101 5977
8911 6532 9410 7305
781 5984 1707 6594
6470 1990 6559 7561
7860 9191 8368 9801
4470 6073 4845 9596
5598 8056 9504 8156
8503 6345 8666 7293
1043 6949 1503 7916
7034 8958 9579 9191
5468 5786 5971 7079
1139 269 2432 357
3392 2170 4306 2549
5276 3354 5410 7535
3184 5603 4291 5730
2563 1430 2632 4380
5512 2848 5797 3943
6047 9459 6978 9937
5958 8392 8994 8412
2119 5806 2555 6730
8297 5771 8626 5972
3542 4277 4129 5221
5797 1997 6470 3099
4545 679 5449 1266
4942 8226 9578 8392
0 249 201 8607
9088 1574 9738 1783
4845 5838 4942 8523
1584 358 1824 3968
2937 3180 4325 3800
1101 4230 1717 5984
1851 1012 2087 2305
6675 1555 6903 4180
9576 2388 9618 5009
