42 9623 629 10000
4590 1411 5674 3788
5826 2085 5987 7618
3896 5927 4918 7080
0 8968 9918 9083
4918 3788 5692 7622
8784 4103 9694 5634
6095 1904 7989 1986
0 8282 7324 8381
6146 6035 6981 7618
9652 9564 9965 9979
0 7763 8508 7958
9378 6151 9817 6390
3938 362 8472 993
5612 8440 8701 8961
8985 2757 10000 4103
1394 2740 2188 6644
2250 0 2870 7559
0 9121 3873 9480
9040 0 10000 2757
8508 3970 8784 8440
6923 2653 7390 4256
5010 54 7912 106
2870 4621 3844 6363
6929 4462 7198 6035
5674 993 8476 1904
2870 1267 3223 4621
3872 4418 4887 5927
3993 1136 5257 1411
9395 6495 9786 6894
7989 1909 9024 2559
1435 1942 2183 2329
7596 1993 7877 3307
0 7622 6977 7763
5997 2653 6146 7440
7249 4346 7390 7028
8156 4075 8497 7763
381 4191 1394 7611
5719 1904 5826 7618
294 5654 376 6299
3863 4487 3872 6921
7868 5341 8148 6350
3223 1074 3743 4621
8796 5634 9378 8964
5987 1986 7528 2653
4328 1998 4590 3502
2991 7146 4392 7548
1563 6644 2184 7522
6147 2653 6918 6035
0 207 1070 3964
8476 68 9020 1775
3994 106 8473 362
9378 6894 10000 8959
7892 2593 8985 3970
1526 300 2246 1801
9694 4530 10000 6129
0 9483 9998 9539
1070 9 1367 3418
2870 6363 3863 7146
3743 3788 4915 4418
629 9539 6885 10000
7390 3307 7859 7318
3762 3032 4172 3450
0 7958 7370 8282
6885 9539 9652 10000
6994 7334 8140 7763
0 8381 5612 8968
2870 0 3938 1074
5692 1909 5719 7354
2188 2092 2250 7559
3873 9120 10000 9481
0 9083 9983 9120
7422 8016 8508 8434
