9543 1884 9827 3448
2846 9432 7525 10000
2641 4407 4551 6095
2365 8621 3012 9393
681 4044 1777 4520
4560 4577 9131 4806
4702 3168 6642 3443
2329 6095 7236 6639
8816 2768 9391 3149
7236 5831 7488 6639
0 2776 681 7636
2191 407 2328 9592
4080 3521 9889 4032
4562 4319 9132 4577
6997 36 9460 516
3724 2823 8376 3155
4079 4032 9886 4319
7533 7744 8322 10000
1777 94 2191 4525
6241 9 6923 2823
7109 3222 8802 3521
2331 1400 2641 5434
809 9769 2846 10000
0 7636 803 10000
0 1 6241 93
3122 6639 7533 7067
8322 4808 9889 9312
539 261 644 2776
1188 4525 2191 9769
681 4935 756 7256
803 4520 1188 9769
3007 2978 3543 3545
5 93 443 2511
2641 1378 6202 2088
3122 7342 5800 9432
2641 3545 4076 4407
6938 1969 8685 2823
4551 4806 8322 5781
2335 407 6240 1378
9889 0 10000 10000
681 94 1777 4044
9132 4442 9852 4808
5800 7067 7533 9432
7323 596 9889 1673
2328 6649 3122 8555
3269 7205 4768 7342
7534 5781 8322 7744
2641 2093 5875 2819
2191 93 6241 407
8322 9312 9889 10000
8862 1785 9501 2614
