5722 0 8507 1556
782 3151 2693 4646
9184 6665 9198 9348
0 3149 782 6210
8832 4297 9001 6377
8862 8302 9152 9235
5584 9683 9276 10000
5965 9602 9212 9661
4756 0 5167 5496
3954 6138 6441 7262
7826 7043 9022 7065
8507 0 10000 1071
7234 7378 7274 7860
9029 2282 9150 8299
9198 1071 9394 8973
3920 4576 4756 5482
7605 8101 8568 9585
1207 4904 1288 5675
2102 4921 2826 5350
5329 2226 6260 5541
3935 8066 7605 8886
3972 5541 5967 6138
11 8886 5548 10000
6289 1998 6434 5612
6927 1556 8307 7043
0 8041 3913 8721
1 2493 2711 3149
9630 1084 9975 2650
3231 1201 3860 2165
3383 908 4088 1008
9394 4934 9466 9999
2826 2342 3920 7925
2711 3068 2797 4599
5569 1676 6201 2226
8568 8154 8822 9521
5167 1640 5329 5510
7274 7065 9029 8063
0 7925 3467 8040
0 77 845 1895
3184 1012 4747 1194
2304 5700 2826 7920
7 8721 2236 8886
8744 5130 8781 5638
845 0 3184 2342
1033 5675 1364 6554
1995 5778 2268 7480
8307 4977 8715 6086
8326 1556 9011 4297
1424 4646 1995 7528
3920 7262 6441 8066
5548 8910 7603 9601
56 6210 1033 7747
9528 2962 10000 9989
3920 1194 4733 4576
6441 1581 6786 8051
5167 0 5722 1546
6786 2152 6924 7741
