8421 6054 9829 7877
579 7632 1761 8713
3222 1767 6204 1969
1447 367 3066 1359
54 4449 650 7026
779 4162 849 6669
7388 4363 7818 5072
7258 192 8448 1651
3838 856 6791 1650
5110 2083 6437 3305
277 1873 1267 3966
1498 1359 2002 2943
1247 9510 7477 9608
2987 5994 4351 6147
1343 8741 9823 9107
6382 5926 8421 7860
1664 3492 1978 7147
7666 12 9178 102
6673 2885 6790 3487
5669 3321 6454 3695
1292 359 1447 2993
2965 2740 3261 5839
8368 1651 9402 5068
19 7031 579 9244
9446 0 9838 6054
5637 4694 6375 6520
3220 2222 4831 2547
6375 5072 9398 5926
3473 1983 4685 2222
2969 6171 5066 7135
1988 6111 2969 7115
1267 2993 1650 7331
659 8840 1343 9506
8491 102 9394 1644
1284 9677 7667 9743
12 0 6791 359
849 3966 1265 7519
0 1716 266 4449
7849 1858 8368 4823
2002 1385 2965 5786
6927 1652 7839 3695
3284 2595 4475 5985
2723 9745 9465 9959
5630 6893 6115 8709
5066 4878 5630 8565
0 370 1218 1579
5089 3695 7388 4694
3066 366 6791 856
1761 7147 5059 8741
9402 0 9446 6019
6115 7877 9836 8741
9838 0 10000 10000
1353 9107 9810 9510
4475 2553 4909 6171
6792 0 6927 3557
4909 1969 5089 4878
