1456 5912 1762 9089
1438 5050 1677 5912
7471 1477 9689 3322
7331 7081 8800 7485
9689 1834 9997 6254
5047 6236 9486 6325
4216 6879 8412 7068
6428 7494 10000 7593
5782 8230 6675 8918
2155 8092 3569 8410
3533 5677 3896 6446
1456 9276 7513 9462
2076 6684 4174 7396
5665 8013 8323 8222
9373 904 10000 1347
4864 9466 7522 9963
6345 5807 9467 6236
1018 1820 1771 2198
5811 2285 7106 3763
4130 5022 6345 6006
4629 6009 5880 6235
1922 99 2106 5809
1379 2528 1898 3189
4885 4891 5582 5022
8345 7914 10000 9416
9554 6349 9688 6594
1762 7914 8154 7959
7246 4671 9486 5796
3639 5271 3910 5663
73 6769 1008 7007
3222 0 7201 167
1805 7396 6412 7506
1506 9462 4864 10000
1795 7506 6428 7598
7117 3354 8815 4156
4859 6834 8478 6878
2106 0 2485 6680
4174 6325 9550 6834
3944 1509 4023 6363
7499 1275 9370 1477
9486 5319 9684 6256
4687 1252 7346 1386
4144 722 8354 1252
7118 4225 9017 4671
60 7007 1031 10000
5798 3767 7117 4710
8354 87 9334 1274
1541 9089 4967 9276
2004 8410 3595 9078
381 2903 983 4599
1785 7598 10000 7914
8818 9445 9122 9856
3519 1201 3939 5170
4207 7108 6561 7373
7522 8222 8345 10000
1031 2198 1370 10000
1764 5809 2076 7389
9659 90 9999 894
1370 3197 1438 9918
3 1820 1018 2818
9185 9416 9905 9957
2488 959 2955 4433
4130 2177 5233 4880
5258 2351 5788 4586
4562 1386 7471 2177
5918 7966 7582 7969
6361 4975 7246 5794
2485 4660 3519 6678
2485 4439 3246 4660
8800 6834 10000 7494
0 2818 60 9999
1454 3701 1656 5021
0 654 1922 1820
63 4599 1031 6769
629 329 1707 654
9017 3322 9689 4639
3605 8057 5353 9083
3671 7972 7136 8011
6686 8459 7135 8654
2496 100 2929 959
4126 208 8057 722
2955 167 3518 4439
4968 9083 7473 9262
4023 1117 4130 6610
