2641 9712 10000 9841
1103 2981 1804 3822
2692 7218 6111 7490
8149 7913 8580 8948
8797 0 10000 851
529 9497 2641 10000
5805 7771 5997 8763
1439 2517 2099 2678
2404 6392 2971 6399
7678 3154 7742 8235
7407 429 7511 1295
5821 3836 6144 4271
9221 6164 9548 8961
2375 6064 3838 6392
1204 2821 2242 2969
5977 6375 6039 6381
5209 3743 5724 5136
2989 4693 3756 5174
7352 2267 8314 3154
4760 889 5717 972
7075 2822 7352 3044
893 8895 4180 9030
809 7027 6111 7218
7745 3471 7751 6207
1099 5035 2375 6261
7039 5060 7337 7304
8794 851 10000 1861
196 6280 606 6605
5284 5136 5967 5827
3481 9841 10000 10000
3019 1145 6136 1677
8 4203 571 6274
0 6748 809 7359
7368 6539 7453 8603
4961 4413 4994 6089
0 2301 2782 2517
3133 4000 3934 4300
2531 4294 2652 4695
2196 6632 4964 7027
1100 4666 1188 4890
3424 3319 3907 3929
0 2799 973 3503
2961 1679 8051 1720
6136 262 7407 1622
6132 8754 8149 9036
8639 6170 9221 8963
8314 2106 9562 3120
0 8247 433 9493
433 8607 5805 8895
7470 5388 7663 8043
3729 460 6085 886
6229 1622 8422 1667
2025 7638 4300 8363
5999 7777 6114 8687
4964 6732 5990 6973
6525 2270 7349 2798
4503 6466 5769 6593
85 41 7503 158
0 2015 7970 2104
4995 4502 5085 5796
7928 3157 8629 5772
7558 3513 7664 4249
2272 2735 2670 4205
3172 7490 4195 7617
87 1023 3377 1145
434 8378 2143 8607
2975 480 3729 976
4068 4385 4961 6043
0 333 947 740
8668 5803 10000 6029
2738 9841 3481 9943
0 1594 2961 1861
0 2682 2092 2797
4563 2106 8314 2267
7429 4959 7678 5388
3286 3397 3390 3990
1187 7218 2692 7576
9311 3120 9562 5212
736 9423 2263 9497
9548 6824 9623 9013
8580 5804 8639 8962
9562 2108 10000 5212
1273 299 2967 1023
5150 2751 6178 3743
8640 6029 9550 6164
847 6261 2196 7027
4485 6089 5977 6465
3430 9233 10000 9712
9623 6168 9655 8672
0 1177 3019 1594
0 0 8539 41
0 158 7220 262
5201 7774 5698 8607
6429 2798 6944 5352
1508 4701 2650 5035
7986 7830 8103 8672
2680 2621 3185 3931
7970 2015 10000 2106
4562 2267 6525 2751
0 2104 4562 2301
435 9036 8346 9233
0 1861 10000 2015
7751 3157 7928 8754
4325 7490 6113 7771
3929 995 6117 1118
7077 7969 7304 8022
7931 5772 8580 7830
0 7359 1187 8247
3207 2549 3922 2896
2798 2341 4136 2539
7511 41 8539 1622
2961 1720 8769 1861
1202 7744 1982 8348
990 4134 1004 6249
1807 2969 1941 3644
4167 2753 5150 4385
8629 3121 9311 5213
2700 9544 3430 9607
2882 8366 5192 8599
4229 6043 4480 6597
8346 8964 9548 9233
0 9493 529 10000
3948 3181 4167 3992
6114 5409 7039 8754
6944 3162 7548 4959
8629 5213 10000 5803
3774 285 6087 452
6153 3880 6158 4950
1006 3490 1099 5523
6178 2755 6429 5409
2375 5174 4068 6064
3838 6070 4229 6632
4180 8895 6132 9036
1103 3861 2189 4563
1221 7576 2835 7638
606 3506 847 6748
4430 7788 5201 8276
8539 31 8794 1720
