4931 8111 7425 8620
8727 2309 9972 2847
295 7835 893 9417
7849 1786 9373 2243
2232 1169 2388 6417
3246 6383 7418 6702
8511 4607 9369 6595
3961 3082 9613 3653
4981 294 9517 616
3980 2136 5823 3082
2451 7794 2666 9414
8627 8224 9597 8428
1628 2913 2232 6417
2584 1169 2673 7787
637 80 3767 1169
3246 5501 6592 6383
9380 4398 9589 6255
4370 379 4699 914
3246 7937 4931 9417
3246 6702 7393 7937
6592 5501 7442 6381
4707 4108 9214 4554
7895 2261 8252 2762
4931 8620 7401 9417
6421 4580 8306 4794
855 2913 1272 7635
5841 2939 9662 3080
0 0 295 9402
3250 4886 8268 5501
8246 8428 10000 10000
295 2913 732 7835
322 1180 2232 2913
2673 1685 3246 9417
8486 6717 9354 8150
893 7635 2451 9417
4798 687 10000 1751
1272 6417 2579 7633
1356 3403 1628 6417
4931 7940 6038 8111
6327 1965 7767 2267
3250 1909 3961 4886
2749 1555 4244 1685
732 2915 855 7770
8268 5281 8430 6863
7442 5532 7963 10000
0 9744 7420 10000
2399 1169 2584 6395
9615 4869 9929 8394
7963 5501 8246 10000
4021 4705 5259 4886
1284 4246 1356 6413
4126 3668 9583 4058
1284 2931 1623 3403
0 9417 7439 9643
1288 9643 7405 9744
