4038 7402 5746 7492
160 4729 283 6243
6836 911 7470 958
3506 3704 4084 4435
1865 7020 3733 8495
9847 5985 10000 8545
3894 1710 4008 1850
9324 1639 9515 3951
2051 2097 2509 2811
2012 6030 2650 6554
7879 8791 10000 9510
1046 206 1988 1352
3222 1760 3528 3486
6710 57 8505 662
4092 8301 5558 8459
3420 4929 6216 4965
3733 5900 3983 8495
8816 513 9027 4965
11 8791 7687 8928
2494 33 5747 578
9847 33 10000 5985
0 9086 4005 9510
3983 7492 5806 8301
7818 671 8800 1268
5507 1791 5747 4290
0 8495 9845 8545
3584 2517 3709 3427
4836 9195 6980 9365
5816 3865 6566 4184
5806 7778 9847 8495
51 8929 7874 9082
2790 1230 5592 1433
9027 33 9812 1461
1703 3416 1865 8166
3420 4965 9515 5534
4084 1433 5474 4292
4524 5561 5628 6082
3983 6980 9515 7212
3985 6424 9515 6980
0 0 10000 33
1135 3413 1702 8495
8692 1549 8806 2332
1155 58 2478 206
7858 3797 8806 4965
0 8077 872 8441
3682 5534 9121 5548
6690 958 7809 4965
2481 578 5747 1224
9027 1656 9284 4965
4084 4292 6457 4927
1988 705 1994 2325
0 9884 10000 10000
1994 825 2481 2097
0 8545 10000 8791
1988 2812 2668 6021
905 1352 1988 3413
0 9510 10000 9884
298 3797 1128 7851
3177 3486 3420 7020
5628 5548 9515 6424
9036 1484 9538 1639
2523 1517 2955 1659
3984 7212 9515 7385
4099 9378 7879 9500
0 33 905 3797
17 4060 64 4454
2668 1659 3177 7020
9515 1639 9847 7778
5811 7390 9272 7778
7809 1646 8636 3643
5747 33 6690 3865
8314 1368 8662 1458
