1607 2327 4167 2633
5764 5088 7610 5372
923 7738 3323 7972
8391 3045 9945 4066
6682 8049 8557 8075
0 2352 49 7011
2073 5746 4308 5877
2714 3264 5527 3437
5702 3130 7245 3373
8121 218 8353 238
2528 9497 3664 9831
5466 7182 6399 7774
7015 8862 10000 9067
1454 744 4056 920
2807 7979 4021 8556
1241 1281 2181 2136
9013 2072 9968 2973
1849 2633 5591 2803
49 3946 412 5927
5719 9814 10000 9882
8770 6987 9773 7461
2088 5465 4378 5610
412 9634 2390 10000
4747 824 5759 939
1343 8862 7015 8952
7207 6250 8630 6286
2528 9391 2833 9473
1173 4657 1454 6284
3423 1382 6308 1819
1625 929 4463 1101
7599 3120 8391 4052
3504 26 5212 200
2390 9916 5927 10000
2475 4 7561 26
0 7054 412 10000
5180 2803 6526 3130
5598 5633 7148 6803
4793 978 6761 1240
4427 5063 5888 5068
2197 5624 3815 5696
3755 9437 5659 9577
3664 9665 3931 9875
4474 8077 10000 8275
920 4651 1173 6260
1337 8963 2528 9633
482 84 3252 331
597 4140 2074 4184
920 6284 2792 6940
2676 3481 3038 4377
951 4068 2676 4106
9079 84 9681 1836
2186 1215 2629 1902
1454 5879 4424 6283
3360 3628 5655 3954
3324 6364 4020 7904
2657 8375 2806 8552
6308 1280 6743 1814
3189 6283 4423 6364
3785 8963 7008 9061
2629 1240 5280 1382
6470 7307 8087 7459
7631 5024 8142 6250
3252 200 5206 331
6835 6927 8682 7307
7039 4444 9641 4960
2792 6284 3008 7587
7115 470 7291 1682
8142 5574 9078 6250
2270 2095 2580 2196
2604 3063 5180 3264
9093 5231 9707 6978
8756 8477 9359 8504
4259 331 6766 790
2553 9831 3287 9895
5719 9421 8648 9814
1341 8751 10000 8862
1049 518 2423 684
9697 274 9981 2035
1154 1679 1169 2009
9947 3173 10000 7617
50 0 474 3946
512 3239 1235 4068
6102 7802 10000 8045
9707 4525 9947 6985
3113 4085 3401 4990
4421 8305 10000 8404
2528 9215 5209 9339
8430 0 8554 1796
4416 8275 10000 8305
8147 4971 9070 5574
8817 1890 9176 1984
6607 7495 9947 7711
6403 3929 7494 4406
625 4657 920 8843
5792 3955 6403 4549
2528 8963 3785 9152
7494 4066 9937 4444
5483 5742 5598 6503
2452 331 3838 706
8649 9533 9869 9670
412 8843 976 9633
7616 4960 7631 6180
7447 2335 7698 2681
2838 9339 4877 9435
4021 6370 4416 8402
1243 2202 1534 2384
5876 3730 7599 3928
6551 2965 9002 3045
6885 3387 7526 3730
1732 2205 4687 2249
5209 9215 7777 9421
734 338 2359 515
1070 7556 1673 7738
1801 5318 4706 5369
1323 8952 5315 8963
3370 8557 10000 8637
1454 5068 5764 5318
8390 8667 9396 8749
6030 5393 7416 5633
7726 2524 9003 2850
2528 9152 7777 9215
926 7972 2524 8442
418 4184 2675 4651
2524 7972 2807 8373
7164 2712 7342 2954
7045 2210 8742 2227
3987 2832 5147 2968
4630 7783 6093 8077
9184 5022 9296 5231
3454 4086 5792 4549
4033 8404 8756 8557
7777 9176 9785 9421
1695 2978 5057 3012
7485 522 8297 1819
778 2 1843 79
2179 1108 4783 1215
6526 2657 7142 2947
976 8442 1323 9634
651 524 1049 3231
50 5927 412 7054
4167 2414 7427 2428
1325 8556 3370 8750
3785 9067 10000 9152
3656 4870 7039 5045
3375 8637 8390 8751
3 0 50 2352
4424 5663 4630 8077
6766 432 7093 1819
1341 8451 2607 8550
3171 6369 3324 7619
3237 1433 3423 1651
1418 2825 3935 2899
1458 5452 2012 5879
4632 5625 4985 7779
7148 6286 9093 6927
5392 6803 6835 7182
3273 3711 3294 3943
1454 5383 5852 5431
3352 2029 8717 2177
6999 7759 7891 7794
412 4702 625 8823
3406 4549 7039 4870
1235 3018 2539 4068
3931 9577 5719 9916
7310 704 7485 1526
929 6940 1777 7554
4034 9061 6960 9067
8298 286 8430 1819
2630 1819 8741 2029
4234 2458 7256 2633
5029 5431 5392 7783
3559 7904 4021 7979
1465 4657 3113 5068
9981 1923 9986 2977
474 1019 649 3231
3199 3969 4829 4085
5927 9882 10000 10000
3014 6297 3171 7738
1777 6940 2792 7738
5212 26 8000 331
3326 3495 6776 3586
4991 6558 5029 7023
8554 16 9062 1574
