1410 6483 1895 7959
7871 6304 8011 6856
9452 9689 9769 9894
5820 6056 6573 6641
845 0 3070 777
1365 7959 4180 8873
9561 2977 9733 4971
7001 4765 8748 4971
7831 1583 8249 4578
7779 5974 7821 6719
7762 4971 9733 5946
2274 5074 2518 5540
9733 1875 10000 7731
1026 1254 1954 2168
7418 9713 8831 9778
2518 5074 4944 5148
703 6141 1365 8755
6311 0 8249 1122
490 2628 703 10000
3075 4284 3554 4377
2466 2920 3984 3645
5288 2923 6573 4887
7098 7755 7689 7845
7094 7027 8023 7751
6322 1122 7751 1231
22 0 390 1109
4989 2920 5288 4900
3620 3645 3984 4406
7083 4314 7096 4534
8273 0 8740 4670
845 3361 889 3715
1198 2880 2133 6141
9331 0 9708 2977
2272 5658 2516 7235
438 3049 488 9936
8147 8339 8189 9356
9125 7731 10000 9689
5319 9021 7029 10000
9746 28 9854 657
1234 981 1910 1254
4650 0 5292 2168
3083 103 3214 889
1433 9493 2149 9811
4180 7443 4763 8814
7094 5316 7249 6788
8761 4311 8789 4944
9082 7591 9125 9327
2134 5118 2272 7398
8789 3275 9561 4971
5476 1631 7775 1964
5820 4887 6573 6056
709 8755 952 10000
2213 9330 3180 9551
955 9020 1431 9881
1198 2367 2869 2880
883 3868 994 6141
7001 7849 8147 8956
9708 657 10000 1875
5514 6659 6573 7189
753 4310 855 5891
9336 5946 9477 6911
8740 0 9004 3275
8030 5960 8989 7817
7251 5044 7762 7027
2777 9610 3164 9933
9004 831 9012 2823
6600 2920 7135 4178
4469 9020 5319 10000
4946 5815 5127 8872
2594 947 4557 1566
7029 9021 8093 9697
2133 4421 4944 5074
0 1109 994 2628
5514 7189 6560 8275
9074 99 9111 165
4558 477 4647 2009
2516 6524 2865 7419
7135 3126 7722 4670
2892 2374 7794 2920
2170 3562 2216 4358
7012 5958 7094 7847
5875 1397 8188 1583
0 2628 438 10000
1954 784 2591 2184
8189 7817 9082 9713
5587 6641 6121 6659
994 2168 1198 6141
4944 4900 5514 5804
7001 4670 8761 4765
7794 1583 7830 4472
5514 4887 5820 6641
3274 6524 4562 6551
3270 23 4520 947
9108 1083 9331 3096
2518 5148 4763 6524
1895 7420 4180 7959
3180 9020 4469 10000
5819 1977 7733 2340
5758 8275 6445 8833
3984 2920 4989 4421
5465 1297 6261 1350
5487 6468 5514 8730
952 8873 6339 9020
5128 5806 5270 8873
2865 6551 4763 7420
2497 3809 3575 4241
6573 4178 7001 8955
2591 1566 4557 2184
5292 0 6311 1292
1198 2184 4804 2366
7952 9837 8860 9999
8249 0 8273 4343
4763 5148 4944 8873
6560 7398 6573 8582
424 0 827 901
6339 8956 8147 9021
5270 5804 5487 8869
2141 2912 2466 3536
