5278 5814 5720 9075
6455 6523 7045 7416
261 6220 4141 6298
0 223 5285 627
1660 9668 10000 10000
1660 9446 10000 9668
1744 2295 3750 3864
5720 7504 7413 9075
0 0 10000 188
6821 1449 7464 1468
1044 5602 4152 6220
7560 4727 8607 7146
353 1059 1038 6220
1124 7258 2203 8984
9101 4839 9331 9446
6195 1331 6608 6523
5774 2295 6194 7504
0 188 10000 223
3941 2964 5322 3848
7532 7146 8271 9446
328 821 8604 1059
8063 541 9996 781
1663 9075 6423 9445
7413 1468 7532 9446
6608 1676 7282 6412
2417 3864 5321 5602
261 6298 4149 7081
3750 2302 3934 3196
9017 2596 9384 4695
7555 1310 8358 3167
7559 3167 8312 4722
261 7258 1124 8984
261 7081 4144 7258
2309 1060 8470 1173
262 1256 353 6184
1038 1059 1744 3940
1851 1189 6120 1433
883 8984 1653 9023
5285 224 10000 539
1073 4131 1203 5585
1536 4280 2416 5597
1203 3940 1536 5408
9387 811 10000 8610
640 627 8006 815
0 627 261 10000
5328 2322 5774 5682
8297 9068 9101 9446
261 9023 1660 10000
2203 7258 4135 9075
1536 3940 2417 4267
6659 9098 7334 9372
1744 1433 6195 2295
8607 887 9017 9068
4152 5604 5278 9075
9048 1143 9377 2481
