7624 7385 8152 9476
8710 3747 8919 9471
4902 2316 5100 6647
1688 6647 5095 7475
1326 1093 2489 3761
9010 5701 10000 6741
3988 2545 4752 2793
7791 3207 8693 5061
247 100 1791 1043
7407 1461 9589 3207
5458 5622 6002 7978
1791 100 2457 1093
4244 2793 4902 4549
9009 9632 10000 10000
6404 100 6804 1451
0 8999 2841 9506
3664 7978 6073 9271
1212 3761 1551 8996
5878 2341 5998 5622
3764 9485 7410 10000
5 497 247 2832
7638 100 9976 961
3202 8884 3643 9250
8563 1164 8807 1429
7559 3602 7778 4665
499 6204 1122 6223
0 2932 1212 4349
3383 7508 4378 7952
1452 9506 3723 9768
2489 2793 4209 4677
9021 1232 9579 1461
2841 9271 6073 9485
4209 2793 4244 4267
5575 2315 5878 4930
6802 5654 8698 7147
0 4349 1208 6204
1551 3761 1687 8999
814 7096 1207 8997
9589 1784 9933 3094
2489 1458 6802 1931
6965 8677 7493 9339
179 9768 3731 9989
4378 7475 5451 7968
8710 3207 9962 3747
2633 4677 4615 6073
2496 6073 3720 6587
8920 3747 9009 9998
64 6303 606 8389
8251 7149 8697 7883
8698 3224 8710 9471
1874 8599 2594 8838
6804 112 7407 5302
1687 3761 2489 6647
2457 100 6404 703
2594 703 5764 1012
6002 2315 6263 7978
2885 1184 5491 1458
6869 5302 8698 5654
6906 7162 8223 7384
1695 7516 3334 8143
9018 3792 9993 5701
7433 9476 8920 10000
5100 2316 5458 7475
6263 2016 6802 8063
8152 7883 8698 9471
2496 4699 2633 5928
9010 6741 10000 9632
4615 4549 4894 6647
6991 7386 7624 8570
6073 8063 6965 9485
2491 1931 6804 2010
2491 2010 3988 2793
2609 8152 3664 8781
0 0 10000 100
3988 2011 6263 2315
247 1043 1326 2932
