1073 4197 1538 6930
9054 2812 9580 2943
8203 7283 8772 7317
4300 2619 4901 3931
8529 1101 9414 1204
9790 2083 9977 2981
3181 1141 3398 2813
11 7936 2084 8378
202 4240 1041 4798
11 7739 2158 7936
11 9911 6988 9982
862 1101 2024 2131
444 7143 5482 7186
3555 1139 4139 2950
8214 6091 9625 6275
5753 2618 7250 2687
7008 3278 10000 3332
4875 7728 7191 7737
4492 1465 5862 1862
2313 7386 9919 7536
10 4098 143 7116
5514 3315 5907 6743
2290 1246 2448 3526
2961 917 5636 984
7871 4230 9930 4293
2207 9544 2919 9742
6003 9251 8339 9406
3423 5641 3700 6916
3955 3651 4015 4747
2982 993 10000 1026
7028 3767 7179 4412
827 615 1771 713
4376 1383 8382 1411
6912 1455 8286 2010
9520 8039 9916 8054
2051 5041 2661 7140
0 2331 255 2726
4306 1901 4508 2141
1556 4358 2871 4570
3125 3480 3955 4685
9920 4436 9999 9937
4139 1147 8059 1332
2158 7737 5373 8030
1819 2434 2290 3342
187 7386 1541 7619
3332 5746 3420 6031
6315 3650 6560 7331
6175 9803 9080 9870
3282 9993 8515 9994
621 8462 9707 8560
3700 6170 4918 7141
5286 8191 7383 8338
8339 8868 8758 9264
7044 6951 7276 7322
7023 5356 7583 6255
2024 1104 2374 1246
7394 7874 9520 8341
6578 3660 6936 5922
0 7576 11 9986
4098 8030 5209 8329
792 9872 7070 9902
5209 8039 7394 8191
7179 3686 7762 5356
6191 4212 6314 7382
2128 4634 2917 4654
0 630 827 841
1856 4222 2968 4348
2663 5636 3332 7143
20 7116 178 7650
5636 914 10000 991
6644 7332 9920 7381
2803 7536 9588 7542
6012 9485 8397 9803
1566 9173 3515 9544
6560 5922 6948 7298
7384 7044 8797 7260
0 2762 1669 3345
1772 538 9983 676
900 713 2201 1101
7383 3390 7864 3686
5743 0 10000 188
3402 1160 3555 2930
7762 3791 7835 6359
5525 2713 6943 3315
271 2729 1046 2757
2448 1139 3181 2045
2268 187 5319 224
4918 4120 5408 7141
6860 2116 7960 2538
11 7654 9920 7728
482 3345 2221 4054
613 8951 1554 9871
11 8672 9914 8798
9036 1256 9696 2619
255 2333 1162 2729
162 4836 1041 5704
8042 4293 9918 5267
2448 2045 2974 3537
3897 8418 8607 8457
2384 1026 8529 1139
6966 2770 9054 3135
7872 4315 8042 6229
8778 8817 9891 9531
1776 224 5485 535
2203 676 2384 1033
2455 676 10000 707
909 2131 2024 2333
4302 1433 9027 1447
8397 9306 8733 9665
0 0 5743 187
7520 2619 9482 2731
47 9550 554 9767
3515 8819 4063 9872
9625 5409 9818 6885
2420 707 10000 835
2222 3537 2976 4222
8442 1561 8997 2450
2976 2055 3125 4383
5375 8004 6309 8039
143 4083 1307 4193
3707 5176 4913 6170
6955 6359 8702 6856
7837 4389 7871 5907
5485 188 10000 358
2663 5041 4918 5176
3172 8341 9759 8418
4508 1863 6859 2618
2871 4383 3122 4634
1655 7396 2313 7503
4905 2618 5408 4120
5373 7911 7383 7994
8906 7728 9920 7868
3226 2950 4021 3477
4063 8817 5136 9869
34 8974 613 9410
8000 2315 8329 2481
2024 1246 2281 2402
1560 7542 9910 7654
1554 8798 3515 9173
6943 3137 10000 3270
18 8800 1481 8951
23 8567 9693 8672
7692 2763 8204 2770
354 6930 1452 7106
2384 835 10000 909
8185 5267 9139 6062
3965 8798 9913 8817
0 841 862 2330
2661 5176 3707 5636
1539 4493 1548 5839
4556 535 9892 538
5136 8817 6003 9872
6288 8853 7641 8962
3125 2830 3223 3466
4299 3931 4905 5039
1950 4685 3641 4747
5408 2619 5514 7142
6369 8963 8248 9115
1162 2335 1792 2762
5907 3333 7383 3650
9124 9700 9909 9982
1548 4570 1905 7141
6936 4189 7016 5240
5520 6743 6188 7372
1673 2762 1819 3293
1924 4747 4138 5041
4139 1351 4299 5032
2228 8030 4098 8341
5907 3661 6191 6726
4022 3315 4139 4698
1905 5041 2051 7142
1751 8378 3094 8423
143 5704 1073 6930
0 187 1772 615
2434 991 6564 993
178 7186 5514 7386
1486 4054 2222 4109
5871 358 10000 535
5719 7772 8906 7866
67 3421 482 4053
7864 3332 10000 4230
9696 1080 9982 2046
