3079 170 4718 1390
1363 7429 4479 8355
425 4061 2305 4262
6705 4523 8156 4770
8734 5634 8945 7517
4718 174 10000 1218
3397 0 10000 170
36 2238 248 3930
8600 7764 8954 8348
2397 2053 2607 6303
5220 2768 9982 3622
5214 2460 10000 2768
8954 4532 10000 8181
2816 1428 2835 6290
5232 3622 10000 4523
6348 6999 8196 7231
4702 8888 5024 9730
1363 6303 4479 6688
4551 1743 4813 8355
0 4262 2305 5735
662 5735 1363 10000
4813 1773 5214 8347
3914 2679 4288 5950
5219 7231 8354 8352
1363 8355 10000 8743
5469 1879 7878 2300
7 6135 472 9984
2474 9645 4583 9716
1367 5822 1925 6275
248 1766 2305 3480
0 896 2607 1766
3447 9286 4185 9525
2305 2675 2397 5799
5230 4795 8160 6950
1443 6688 4477 7429
2835 1324 2967 6293
0 0 3079 896
1581 8875 2652 9472
4755 1219 10000 1253
4297 2590 4397 4165
7523 8743 10000 10000
2607 898 2816 6238
4768 1253 8119 1743
5478 8828 7523 10000
3304 2590 3914 5700
481 5801 662 9880
4479 1444 4551 8282
248 3480 2245 3981
8119 1256 10000 2460
2967 1390 4475 2590
5258 2353 6637 2431
