2439 2536 4991 3095
8717 4227 8800 7345
3882 4861 4908 6696
2439 883 4991 2532
6733 461 8140 1524
148 8282 428 8821
4991 883 5112 6956
6733 2616 8000 5145
9342 141 9696 10000
5428 15 6037 1951
2439 3100 2674 7991
7570 6839 8661 10000
6634 7531 7570 7992
8642 4939 8700 6659
2 2809 28 9616
28 5356 2000 6541
5112 882 5238 6955
2674 3095 3249 5657
4444 4533 4785 4807
7555 5190 7943 6796
1488 7991 2693 10000
8661 8904 9342 10000
2000 883 2439 7204
6634 0 6733 7530
3859 7992 7570 10000
4448 3096 4991 4533
6085 0 6406 7986
6406 0 6634 7986
8140 140 8800 1580
5238 1951 6085 6958
3474 3097 3859 10000
6733 5145 7498 7531
1239 882 1368 5244
6733 11 9768 140
174 3200 1220 4701
8800 141 9226 8890
2533 2532 3275 2536
488 7204 2167 7622
6733 140 8140 461
28 6541 1996 7203
9226 140 9342 8904
3250 3096 3474 10000
521 4727 827 5252
2693 5657 3250 10000
0 0 5426 882
7498 5390 7555 7527
336 9335 1488 9896
9789 1151 9985 9987
3882 6697 4719 7779
4047 7804 4768 7962
9696 1763 9779 7462
8000 1580 8642 6839
6733 1524 8000 2616
4768 6958 6085 7991
1368 883 1999 5356
3901 3097 4439 4841
