7072 4591 8896 5388
723 7236 2056 8475
76 0 1474 639
4117 6617 4344 7648
6995 8348 9401 8610
6760 7453 6791 8932
3281 5199 3902 5762
655 8931 1632 8952
8921 6982 9406 8348
8860 2826 9685 3039
9440 0 10000 2049
7243 6249 8842 6457
487 639 877 3603
2251 4384 4623 4644
9787 2637 10000 5392
1959 959 2685 1381
1277 9261 7311 9338
9240 5386 9521 6198
360 5189 3277 5938
2259 4101 3987 4382
1702 8922 3871 8988
6801 7064 6995 8452
9406 6707 9625 9601
486 4644 6486 4767
8292 6459 9404 6982
6479 5781 6543 6141
8135 3203 8873 4349
6252 4445 9786 4587
6614 1411 6817 1750
6660 3840 7167 4051
186 5938 2054 6473
4623 4378 6252 4644
4504 146 7439 663
1039 7229 1820 7236
4760 8838 6759 9261
2597 5946 2824 8556
6149 4774 6437 7026
486 4091 2251 4644
1277 9892 10000 10000
5618 1303 6614 2426
1155 2299 1432 3419
7442 65 9239 316
1399 6473 1763 6558
7249 3622 8135 4349
3584 9660 7461 9747
5742 5705 5884 8838
1016 2732 1109 3257
3842 2143 5618 2527
5931 959 7103 1303
3935 5240 4682 6617
8842 6271 9491 6446
9685 2100 9779 4327
486 3825 3269 4091
3611 9747 10000 9830
4513 663 7285 959
2736 1216 2896 3625
9740 7929 9913 9669
1277 9830 10000 9892
759 8556 3319 8855
3987 4101 7249 4378
4348 6617 5058 7782
7958 9147 9403 9272
6551 2996 7918 3619
8905 4775 9787 5386
1277 9431 3584 9803
4874 4776 5282 5411
7906 317 8190 533
2899 1574 5115 2143
9625 6707 9740 9586
7897 8610 9402 9147
3269 6753 4117 8440
311 4472 347 4979
9385 3039 9676 4196
7285 676 7755 948
2056 5941 2587 8551
2690 959 5931 1216
397 6473 723 8929
7601 1024 7769 1684
2587 6183 2597 7983
6685 1784 9421 1988
3269 3826 6660 4101
0 8953 1277 10000
363 919 485 2737
4696 5514 5190 6342
21 14 36 6992
4958 6441 5258 6609
6543 5769 9240 6249
2920 5942 3269 8553
7364 9539 9403 9610
4686 5421 5830 5505
9530 5477 9966 6707
5250 2527 9685 2826
3587 9430 7350 9660
1921 1381 2736 3615
1486 0 1871 660
5430 5279 5814 5338
6791 8615 7897 9261
0 6992 397 8919
6997 7590 8921 8348
5263 5505 5315 8180
5247 2826 8860 2996
2824 5942 2920 8515
1435 2520 1889 2787
3319 8440 5309 8838
7068 2007 9221 2039
7935 3272 8125 3622
1871 0 4332 231
7250 6457 8292 7132
6995 7132 8919 7580
2109 4767 4874 5188
5415 4858 5872 5236
3393 2147 3838 3291
486 4767 2109 5189
6486 4587 7072 5769
5319 5716 5365 8838
4332 0 7442 146
917 1576 1921 2239
7705 5388 9239 5589
7802 2049 9541 2431
347 2737 486 5188
7479 5609 9238 5769
3277 5762 3935 6753
72 1247 264 4174
2896 3328 6551 3630
5272 3002 6545 3311
972 660 1884 1561
5884 4772 5918 8632
1275 8475 2033 8551
1795 3224 1897 3620
96 6088 182 6724
2961 2148 3371 3318
7129 7580 8554 7590
7279 4349 8188 4377
7918 3049 9348 3203
6267 4402 9358 4445
5918 4772 6149 8838
3838 2527 5247 3328
5115 1216 5613 2143
1884 231 4504 959
6825 1365 7445 1745
5365 5505 5742 8838
5618 2431 9685 2527
486 3630 7244 3825
77 5121 217 5923
1277 8988 4760 9261
8873 3313 9241 4135
6149 7026 6760 8838
1474 8856 4108 8909
7445 1684 7759 1766
1277 9338 7350 9430
7769 533 9440 1784
2897 1216 5109 1574
7103 959 7601 1365
242 5266 331 5561
7350 9272 9406 9539
9931 7958 9976 8383
1277 9803 3611 9828
6437 6249 7243 7025
7664 333 7893 474
7461 9610 9740 9747
4117 7801 5238 8418
6685 2047 7802 2386
