5168 191 5679 1144
9355 8816 9801 9359
5103 5273 5542 5550
1787 9382 5652 9478
5679 393 6366 2717
7697 4878 9352 5252
1371 0 3752 281
5435 1144 5674 1793
867 7002 3394 7153
3487 6063 3878 6535
8460 4037 9957 4347
1193 8821 4204 8850
4569 1462 5020 2497
299 8664 1159 8723
0 510 2724 1221
0 1222 2256 1294
2583 5747 3394 7002
3654 3291 4236 3363
2813 9492 5643 9770
9807 4682 9954 7591
9958 0 10000 7575
3946 3522 5428 3766
301 7803 7939 7924
3013 4101 8460 4251
1452 8763 4752 8811
1095 5757 2583 6687
1166 9100 1752 9946
2116 3088 3008 4248
1752 9478 5652 9492
0 1297 2833 1405
0 4645 1631 5476
6457 4472 6544 4561
4114 1581 4316 2237
2403 7153 5818 7157
8595 739 8915 1454
3207 1606 3240 4101
3621 9100 6111 9382
2807 4273 6457 4616
6443 1907 8997 1983
6368 6371 7063 7349
5269 4883 6552 5273
6124 3871 9958 4037
0 4321 2807 4616
350 7748 7939 7803
6114 8083 7586 8227
3752 0 5168 381
3394 6866 5824 7153
2724 1161 5060 1265
0 3704 2116 4321
1575 3217 1890 3704
960 6687 2509 6999
3589 2716 4193 3291
9457 2472 9810 3076
613 7665 7429 7719
9111 559 9463 1514
3176 4652 9805 4748
3240 2697 3589 3366
3407 8221 6018 8642
301 9100 1166 10000
1997 9897 6112 9943
6558 4412 9956 4652
6481 1335 7677 1495
5769 2717 6075 3782
3878 5747 9539 6133
6739 2024 7445 2779
297 7924 1736 8642
3240 3806 6124 4101
6577 3794 9477 3869
1752 9492 2813 9770
7233 3055 8279 3358
2511 7362 7069 7533
956 2849 1545 3691
8272 9888 9924 10000
4775 5706 9545 5746
1225 1458 4467 1482
0 1 1371 510
4361 3229 5769 3518
3008 3090 3137 4058
3402 6535 5817 6705
1545 2788 3152 3088
1773 8342 2887 8622
3070 1500 4018 1515
150 1463 1141 2839
6376 2124 6671 2705
8275 8131 9526 8368
5170 1 9958 174
3216 8081 6114 8221
2833 1284 5435 1407
150 2839 956 3704
646 7336 2511 7579
6408 9618 7636 10000
1382 9946 6384 10000
3234 8284 3407 8551
9708 554 9933 2415
0 5650 9535 5706
7063 6371 7488 7353
5827 6371 6368 7361
6977 4252 8402 4391
3481 3366 3946 3772
6147 2742 6432 3373
3152 1515 3207 3980
528 6082 863 7193
0 6069 528 7572
8942 2841 9203 3234
9516 3088 9927 3622
1736 7928 2922 8219
3167 5050 5091 5572
3298 7745 5693 7748
3986 6729 4767 6849
7705 5573 7937 5575
6366 501 7102 1335
2454 5596 4858 5614
6111 9013 7638 9618
2326 4694 2943 5078
6495 412 9958 501
7939 7530 9525 8128
0 7572 297 10000
9834 7620 10000 9632
0 1407 4908 1451
8417 4347 9478 4352
4605 3031 4902 3229
8909 9633 9997 9888
0 5706 4775 5747
7954 5437 8607 5617
7586 8128 8275 8694
1141 1787 2546 2788
1 1884 150 3700
6554 2902 8192 3032
2922 7924 7939 8081
7679 6674 7716 7687
7488 6781 7679 7741
2724 1128 5155 1153
7750 6272 9526 6739
107 4616 4230 4644
5652 9384 6111 9770
1159 8642 5080 8763
4799 6705 5824 6865
1631 4644 2311 5557
9547 4789 9793 6146
3881 6133 7750 6371
2965 4748 5269 5050
905 6117 937 6766
3240 1545 4095 2269
7801 6138 9523 6272
5965 193 9958 393
1371 281 2674 509
5666 5274 7692 5619
7570 2027 9305 2571
2724 381 5160 1128
7250 521 8537 879
2944 8150 3216 8642
3385 7534 7439 7654
3879 6371 5827 6535
4193 2563 5091 3029
8470 1520 9518 1816
5109 8643 7586 9013
6018 8227 7583 8643
5106 1797 5673 3155
5575 4777 8883 4866
3240 2269 4135 2697
7638 8694 8272 10000
2546 1787 3152 2784
5020 1414 5307 1791
6589 4928 7495 5068
1793 9770 6408 9897
8272 9656 8909 9795
6079 3493 8510 3674
9526 6149 9807 8707
7102 885 8193 1299
8272 9411 9830 9633
6196 3397 8815 3490
6815 3693 9612 3784
301 8850 5109 9100
1319 1728 2932 1787
1882 8219 2944 8341
2482 1265 5200 1284
4852 7170 5769 7361
4245 3769 5078 3806
0 5747 1095 6069
1141 1482 3068 1728
1870 9172 3621 9341
7719 6739 9522 7530
2511 4251 5626 4273
8281 8368 9355 9411
6674 1524 8414 1782
1269 7157 4681 7328
2311 5079 3153 5596
0 5619 9543 5650
12 5476 430 5619
