5662 5724 7300 7222
619 2697 1178 4723
4623 2403 4739 6349
4769 7293 5159 8191
4794 3129 4995 6822
1423 3894 1581 8250
9026 5720 9157 6889
3613 5727 4074 9028
7153 3100 7962 5486
3613 9028 8891 9629
5499 97 7055 316
4006 9629 7686 9729
8089 3471 9203 5565
5010 0 5358 7061
4010 2 4994 789
4074 789 4415 9028
4415 790 4623 9014
619 4723 1178 5997
5512 5194 7131 5683
3780 2923 4005 5727
1424 1777 2549 2797
3050 4840 3520 8075
7195 5568 9441 5709
7306 5709 8890 9028
1178 0 1241 9162
1451 9647 3771 9924
619 0 1178 2697
1581 3604 2593 5780
5491 1745 6009 5004
5159 7581 7302 9028
7302 6943 7306 8333
1241 0 1423 9162
2 9162 1385 9998
401 0 619 6277
7874 0 8743 3016
0 0 401 9162
689 5997 1080 6113
1424 8263 3520 9646
3041 26 3927 667
2669 0 2826 8263
5405 5977 5532 7349
1423 0 2593 1777
6338 990 6974 4924
5377 322 7842 934
2826 667 3520 4840
7142 1177 7794 2899
3624 715 3845 2818
2549 1818 2593 3517
2836 8075 3419 8217
1581 5780 2593 8263
9444 823 10000 6889
3613 3655 3780 5378
9203 2292 9444 4213
6994 1036 7013 3649
4878 1406 4897 2315
5533 7269 6958 7581
8891 6889 10000 10000
7041 1367 7142 4960
4945 9732 8778 9978
2845 4873 3050 6821
3520 667 3613 9647
9106 904 9367 2292
1423 2797 2549 3604
5358 934 6013 1745
8777 188 9903 823
6016 3005 6265 5097
401 6277 1178 9162
2593 0 2669 8254
