0 928 112 8851
7012 1458 8527 1899
981 9827 8905 9843
195 9198 1763 9234
3237 245 5547 789
2638 7048 6059 7449
8835 1890 9725 5111
4153 2677 8403 3060
5288 8543 6374 8797
4987 3686 5072 3955
8530 855 10000 1889
112 2705 151 8642
5072 3140 7982 4198
7488 1179 8480 1443
6059 4202 6093 8419
1938 1063 3517 1357
2900 8204 4211 8775
4853 5841 5920 6056
4847 6059 6059 6728
401 2243 890 6084
0 9264 5333 9827
3121 2814 4153 2978
8912 8538 10000 9842
281 1876 890 2243
5333 9392 6145 9566
4681 5093 4921 5267
3121 3140 5029 3686
7633 4199 7984 5441
8835 5111 9684 7895
2170 2677 3121 4397
2634 7449 4669 8204
5760 0 10000 789
893 5809 4847 6087
6093 4281 6492 8543
532 6137 605 7615
2831 252 3237 855
0 272 2831 656
6897 4280 7633 7156
6753 4280 6897 6558
7800 5442 8407 9689
890 5571 1836 5800
6492 8034 7800 8851
152 1861 200 8797
2638 6511 4320 7048
2274 2418 8407 2677
8789 7895 9998 8538
2989 5051 4449 5667
3517 1133 4278 1706
0 8851 7800 9187
3790 1085 4395 1133
8041 3337 8295 5233
2044 1908 2170 3824
9684 5310 9993 7793
890 1908 2044 4455
5510 9689 8386 9827
4320 6728 6059 7039
2043 0 5547 245
200 2245 401 8851
402 7757 1910 8311
5467 1528 7012 1904
8446 7010 8789 8625
3242 789 10000 855
1376 4455 2467 4986
2681 6100 4483 6511
200 1709 1482 1876
4986 4198 6059 5344
2170 1908 8407 2418
7984 3060 8041 5442
0 0 2043 272
2472 4397 4974 4997
8407 8625 8912 9827
2237 2475 2274 2582
2065 1368 3492 1703
4450 5344 5973 5675
750 8311 1889 8322
8794 2952 8835 7543
4356 1458 6995 1528
7691 5905 7726 6810
3386 3693 4948 4382
6309 4202 7396 4280
1826 9187 7800 9264
4393 3060 7452 3082
817 8802 5508 8851
0 9843 10000 10000
3226 3084 7345 3140
112 656 1938 1709
6495 7156 7799 8034
8407 1902 8444 8619
4669 7520 5223 8801
6503 4280 6749 7086
9725 1889 10000 5310
1938 855 8530 1049
605 6087 2634 7757
4395 1049 7488 1458
1483 1709 5467 1908
1836 5675 6015 5809
8531 1913 8794 6988
8445 1899 8527 6724
5547 0 5760 542
5226 7454 6058 8532
890 4997 2978 5571
1910 7765 2583 8763
