5376 4531 7132 5433
8490 1798 8739 2858
342 429 1836 1166
3834 1013 4049 4005
3499 1636 3823 1814
1014 6517 1863 7636
4355 948 4585 9012
6973 8982 9790 9025
5757 5452 5910 9087
3048 2906 3136 3725
880 2140 1083 5560
5677 519 6130 2837
5479 5433 5757 6852
6694 2846 7204 3868
7507 680 8738 1797
1571 3712 1813 6517
305 195 3439 333
342 1540 604 5605
2971 3816 3608 6611
5120 891 5176 9087
328 5803 437 6753
2301 863 2971 7772
2264 1822 2301 4213
6832 1797 8490 1967
6833 5439 7177 8982
3676 4005 4016 6535
8363 4864 9215 5920
607 2011 863 8373
5922 7936 6769 8459
6832 519 7023 1797
1883 3029 2081 6386
9411 7766 10000 8982
1096 4639 1458 6122
8357 6901 9622 7041
3417 9087 8095 9445
7439 4222 7991 6885
7991 4856 8357 7281
305 430 341 5302
1153 2014 1567 4007
2110 9531 4917 9861
5910 5433 6833 7936
8100 3775 8949 4019
5185 519 5256 9086
5301 4495 5376 9052
4950 960 4964 6819
1654 8336 2104 9767
9622 2965 9819 7766
445 5956 605 8514
4707 976 4844 9024
7913 2858 9597 3649
9819 2965 10000 7766
4970 1218 5118 8294
6045 8460 6833 8939
7179 8230 9096 8982
4050 898 4240 6811
8218 0 9597 680
2940 686 4844 863
702 1172 1637 1559
7991 4087 9313 4856
5376 3870 7126 4531
5394 7225 5662 8931
4963 9445 7991 9858
107 170 305 8564
5309 841 5677 3801
2971 6713 3545 7745
5257 519 5297 8484
4844 665 4950 9087
4693 1981 4701 8953
8095 9025 10000 10000
3822 519 5161 656
2189 336 8218 519
7988 7281 8972 8230
319 335 6356 336
7950 6910 7988 8230
664 8373 1638 9813
7177 6885 7950 8230
8739 680 9597 2858
5677 2840 6694 3868
2922 9220 3417 9421
2189 519 3822 684
6832 1967 8490 2846
6130 519 6832 2840
376 344 1843 427
2433 8983 3691 9087
8357 5969 9622 6901
0 0 8218 170
9096 8230 9411 8982
2214 8623 2579 8770
3373 2357 3761 3376
7132 3868 7185 5439
3658 6811 4349 8199
0 8564 648 10000
1927 473 2189 2041
459 5605 606 5955
8972 7278 9360 8230
7439 2846 7913 4222
855 9866 8027 9997
4585 900 4678 8995
9313 3649 9622 5969
4240 2132 4354 6387
3439 170 8218 335
8357 7041 9622 7268
863 7772 3534 8321
7023 519 7507 1793
9597 0 10000 2965
7204 2846 7354 6885
3063 8323 4352 8851
17 4743 107 6726
713 1564 1633 2011
7354 2846 7439 6885
