7343 2717 7878 4729
1580 7737 1718 9570
0 6603 6261 6710
4383 5348 7575 5823
156 775 573 3299
8545 3149 9498 3387
507 4683 3600 4852
7575 4729 8092 5771
1718 8441 3449 9295
1031 1987 4949 2189
4 0 1604 713
1160 5368 4101 5465
1722 9295 7242 9583
4205 3850 4524 4348
629 1740 1472 1943
3393 2497 3895 4456
5615 7408 6262 8103
7321 1941 9647 2705
9102 2717 9412 2831
8678 8939 9446 9756
2749 6854 4889 7791
6262 6527 7038 9295
4889 6855 5615 7581
8458 2831 9027 3003
899 6854 1579 9582
7285 1941 7321 4656
103 3677 463 4287
9748 8290 10000 10000
2505 992 3491 1972
8555 8448 9452 8939
3491 725 5087 1987
5207 6478 7136 6526
0 9842 5898 10000
8092 3431 9648 6013
32 961 138 1893
8297 3390 9426 3431
4383 5854 7995 6189
5718 6711 6262 7408
3449 8357 5658 9058
4941 2268 7284 3564
772 929 1979 1700
1979 889 2411 1987
0 6206 3521 6437
5658 8103 6262 9056
939 3033 1302 3899
4383 5823 8083 5854
2186 5465 4383 6137
263 5451 809 6165
7038 6526 7275 9295
1842 3983 2401 4368
7995 6031 8555 9841
1302 2235 3204 3821
7171 788 7305 1938
3970 2208 4941 3564
2110 6137 4362 6198
9648 348 9860 6426
3521 6198 5179 6603
3106 355 6807 725
7305 352 8828 1175
0 6710 5346 6721
7638 6478 7995 9841
0 6437 3521 6603
8555 6024 9017 8448
9860 344 10000 6426
7319 1786 9468 1941
8864 596 9481 1786
57 3299 729 3527
1718 7791 3148 8441
2745 0 9996 344
7317 1175 8691 1664
4524 3564 6383 4856
7880 2705 8076 4658
9457 6426 10000 8290
7275 6478 7638 9658
1202 5813 2110 6206
9457 8290 9748 9842
741 4456 4518 4609
3449 9058 6257 9295
3148 8029 5612 8357
4916 7581 5593 8029
1579 6862 2749 7737
3174 7796 4916 8027
0 6721 899 9583
5898 9842 9747 10000
0 9659 7637 9842
5179 6189 7995 6478
0 4856 6389 5348
901 6721 5718 6854
0 9583 7260 9659
5087 725 7171 2268
1604 0 2745 859
6389 3570 7285 5348
9017 6385 9457 8446
846 5466 2186 5797
9017 6013 9648 6385
