6495 7314 8060 7380
6333 8124 10000 9362
8906 3486 9853 7219
4821 3239 4988 9362
545 37 1275 745
3929 9171 4711 9207
0 0 9624 36
9265 713 9884 3443
4711 5935 4805 9234
5368 5345 6244 9362
4988 3441 5368 8812
0 3324 892 8895
7553 4169 8764 6884
9884 921 9984 8124
5235 36 10000 379
2072 5834 3174 8914
109 8971 3929 9362
1060 3010 1361 8969
8808 1218 9265 3188
1483 9921 6886 9926
1361 2929 1656 8117
5171 840 9235 1209
1955 103 2068 8962
3168 38 5171 1034
3230 5658 4323 5883
3181 1365 5046 3200
7010 3188 9243 3486
3245 1034 5031 1365
7307 3659 8363 4120
5046 1961 5588 3441
0 9734 10000 9921
5235 379 10000 713
2074 38 2078 3228
6355 6913 8630 7299
6926 7591 9863 7858
1683 38 1955 8829
3174 5883 4711 8971
6970 4889 7553 6882
3215 3201 4821 5658
41 747 1314 2107
892 3250 1060 8790
2078 38 3168 5834
7942 2271 8759 3132
5050 1209 8808 1961
0 2107 985 3250
5590 1961 7942 2683
6244 7862 9107 8099
1314 38 1540 2510
6447 739 9063 840
1542 166 1683 2883
5588 2683 6961 5345
63 9362 10000 9734
