7174 6796 8269 8193
2198 7007 3595 8217
3692 5217 3856 10000
0 1170 1720 2524
382 463 1004 866
4095 4018 4201 10000
9507 7165 10000 10000
275 4684 2085 8234
7177 8193 8731 9727
8795 3141 9453 4348
4039 5689 4094 7255
2235 1252 2883 5902
110 8467 277 9989
2901 4462 3456 6160
4638 5861 5702 10000
8269 3141 8477 8193
2120 6188 3641 6996
7122 4018 8269 6796
483 8355 877 8947
7236 1170 9699 2380
8731 5391 9088 9727
8477 3141 8731 8193
4201 6191 4638 10000
7031 4017 7122 7338
7178 9727 8951 9993
6222 1431 6890 2885
9088 5391 10000 7165
40 908 9659 1170
4248 1252 6176 1613
9699 0 9985 5391
2806 312 8765 904
20 2532 2235 4684
4201 4016 5702 5861
4035 3472 8269 4016
3648 4431 3688 8249
15 5462 275 8415
3862 1253 4033 9647
8734 4348 9699 5391
4033 3204 8269 3472
5702 4018 7031 7045
5702 7045 7031 7343
877 8234 3620 9912
1720 1171 7236 1252
4109 2562 5980 3204
9985 102 9989 1102
6890 2380 9699 3141
9177 7165 9507 9560
2883 1252 3855 4431
6954 7343 7174 10000
4034 1817 6168 2562
5702 7343 6954 10000
