4502 3931 4736 7371
392 0 710 6282
2293 2349 2972 4857
1571 475 1867 2063
194 0 308 522
4840 8823 5158 9483
2191 3724 2287 4245
9903 4786 9992 7077
1953 1093 4182 2086
4740 4305 4999 4373
5086 540 5784 1420
1539 3005 2119 4846
4999 3961 6144 6103
7186 2225 7454 4940
8885 0 9551 4863
9051 4863 9463 5003
7747 6251 8137 8109
9046 5003 9676 9343
4470 1428 8873 1619
3244 225 5065 1017
735 5401 1479 8921
5065 267 7829 423
6722 434 8656 677
188 8921 3069 9620
4736 1832 7366 2113
710 0 750 5395
5064 6105 7740 6420
3731 2871 3870 6056
1479 6695 2213 8921
1725 5565 2384 6695
948 4857 3069 5401
4403 2217 6401 2353
9551 1550 9664 4009
188 9943 10000 10000
333 0 392 8921
7732 8327 8932 9305
9676 0 9824 8847
3889 2379 6915 2864
2213 6858 3069 8921
1441 2113 7145 2199
4244 2871 6116 3930
3262 9483 4994 9610
3069 2200 3220 9617
1312 568 1441 3064
3227 2222 3373 6385
188 9620 10000 9799
4985 1628 8824 1772
5798 472 6449 1411
7293 7210 7721 9318
188 522 333 8921
5158 8138 7293 9620
1446 2319 1991 2989
4736 6600 6416 7733
6437 7265 7267 8129
0 0 188 10000
6439 6430 7675 7099
804 4261 1520 4837
8239 2031 8573 8327
188 9799 10000 9943
1314 31 7574 221
1867 502 2987 895
3220 6385 4137 7371
4137 3930 4502 7371
7456 1772 8239 6023
4746 4405 4960 6591
2412 5819 2919 6858
6449 677 8885 1428
3374 2353 3711 6361
3886 3573 4137 6059
9860 144 10000 4695
4736 7741 6437 8138
750 0 1312 4261
3220 7371 4736 9483
392 6282 735 8921
7293 9343 10000 9612
8573 4863 9046 8323
6144 2939 7165 5913
8670 1786 8860 4517
