5539 1741 6667 3169
6205 3171 7254 6829
8383 5522 8796 6787
9304 1359 9481 2141
822 6168 960 8551
3603 8220 8197 8245
9221 1874 9282 5439
3110 3544 6205 4130
1000 1540 1044 4427
0 2667 499 8882
3600 8245 4019 9493
197 0 304 2097
9537 3929 9653 6676
6667 1742 8783 2603
304 0 850 2660
4019 9146 10000 9494
8917 5959 9344 6555
5 54 197 2210
0 9601 10000 10000
3603 5487 4739 7325
499 2660 850 6168
3856 946 5622 1596
1060 1685 1068 3418
3203 752 3856 1464
9197 7758 9653 8662
285 9206 3596 9492
2166 0 2467 9204
7254 2603 7449 6830
1527 201 1852 5425
8534 4025 8892 4877
0 9494 10000 9601
9166 8662 10000 9146
5028 1596 5539 3527
9653 376 10000 8662
5622 376 9653 1359
503 6272 822 9206
850 0 999 5885
3111 1596 5028 3544
4532 853 5075 946
2467 0 2712 9206
2712 6458 3600 9206
4019 8245 9166 9146
3920 130 3976 946
7474 2797 8147 3646
3109 4130 6069 5487
1852 815 2166 5910
4912 5487 5848 6810
3976 0 10000 376
0 8882 285 9453
966 6650 2126 8471
8892 1733 9219 5959
3603 7752 9197 8220
3603 7326 9653 7752
2712 0 3109 6458
6069 4578 6181 6313
5877 1465 8325 1741
6753 3008 6948 3171
4739 6832 9653 7326
7449 3646 8383 6832
1093 16 1525 5836
