3139 704 4430 2939
5397 7994 9759 8542
3140 467 4381 704
2625 4545 4256 6390
766 3018 821 6390
8074 8547 10000 9910
1508 3687 1618 7925
5499 3637 8442 4011
6795 4951 8328 7024
0 0 766 6437
2850 2423 3134 4304
1489 0 2758 2992
2704 9508 4751 10000
3208 2939 4316 3052
3134 3052 4423 4545
8009 9084 8074 9549
3273 7729 9759 7994
5470 4076 10000 4853
9290 712 10000 4032
0 6437 744 6523
6276 7042 7477 7457
2733 6633 3210 9003
4256 5523 4426 7578
5159 467 5470 5680
5745 559 5944 3590
2212 4139 2625 10000
4426 5751 5984 7579
2664 6548 2704 9563
8619 740 9210 1536
0 6696 1007 9506
8427 4856 8936 7729
1688 3014 2208 3662
6762 2786 7570 3530
6413 467 7389 1049
4542 5691 6015 5751
6580 4868 6726 6625
291 9586 806 9732
1007 8895 1614 10000
5406 9077 6615 9871
1086 0 1489 8116
6628 9391 7489 9794
2914 9199 3051 9313
8107 9910 10000 9938
4430 467 4953 4930
4297 4930 4952 5523
2973 6390 3459 6541
9548 5648 9597 7257
1011 1761 1082 7320
8442 2659 9279 4076
1745 6835 2184 9983
1008 8116 1745 8895
821 0 1011 6696
3227 8007 5397 9508
6113 4939 6580 6690
7389 478 8430 852
6358 1059 8602 2607
8948 5175 9527 7575
5510 1568 5625 3111
2970 2257 3129 2423
2758 77 3139 2001
2229 2992 2850 4036
5954 1796 6293 3193
4300 7579 8427 7715
4953 467 5159 5690
5984 6880 6645 7018
3210 6541 4220 7652
1618 3662 2212 6820
9759 4853 9998 8547
3149 148 10000 467
3139 0 10000 148
5478 5006 5947 5554
