1114 3034 1876 3987
2550 4950 9043 5048
1291 4090 6014 4239
0 9178 10000 9563
1207 7526 5049 7774
268 1855 4169 2379
6139 6130 6385 8625
7959 3313 8728 3789
4138 3 8397 135
66 6807 198 9027
2995 7776 4443 8644
1897 2967 3275 3990
3315 3143 3439 4077
3506 195 6679 247
750 4904 1414 6135
2108 6409 6139 6514
4740 2659 9217 2929
7230 1952 9217 2655
3528 2929 9131 3086
275 3205 511 3889
1203 7302 5049 7526
198 1470 268 9177
2530 4545 6498 4858
269 1594 7176 1855
6507 3283 7241 4950
1488 8644 10000 8747
7599 5461 9047 6794
7176 1618 9001 1952
8880 8994 10000 9173
1204 7775 2524 8585
1597 957 2521 981
615 3894 749 8586
6685 147 9033 745
0 9733 10000 9788
757 4017 1271 4904
2691 4239 6494 4509
1419 4252 2433 6079
1488 8940 8880 9178
7759 6794 10000 7561
6773 750 9217 931
3073 5403 8095 5461
1207 6514 6129 7301
9778 0 10000 6747
487 8888 1486 9173
7759 7561 10000 8644
3522 364 5235 509
2437 5048 9043 5403
1180 51 3500 491
1488 8747 10000 8940
268 3895 615 8587
1207 6140 5945 6409
4169 1855 7176 2323
749 6135 1203 8587
1729 2948 3213 2956
9047 4248 9550 6794
1110 2389 6978 2659
108 182 296 943
0 9563 10000 9649
6445 6079 7327 6932
7241 4012 8729 4950
1414 6079 6154 6130
2524 7775 2995 8644
3740 4860 5343 4949
5049 7301 6139 8644
8845 3152 9550 4248
9217 0 9550 3148
6586 8586 7641 8638
0 9788 10000 10000
0 981 9215 1468
3439 3086 8845 3283
0 9649 10000 9732
3441 3284 6507 4090
9 2655 194 5425
1111 2663 4740 2929
9550 0 9778 6790
6385 6932 7759 8586
4443 7774 5044 8644
1217 521 6650 935
268 8587 1488 8888
268 1468 9213 1594
511 2379 1110 3894
2435 5461 7599 6079
