2334 2392 3180 3891
4872 7407 8776 7493
9820 5449 9923 8281
6079 1949 7075 1972
3675 1427 4009 2303
542 8605 7001 8699
8625 4747 9566 5311
0 5986 771 6782
9459 4575 9551 4747
5640 0 10000 49
5026 2349 6730 2467
0 0 298 3852
9616 1951 9762 5319
6058 5263 6999 5659
719 1439 3673 1620
6344 3889 6513 4863
7740 7503 8258 7687
3490 2757 3591 3814
6786 2946 6904 3871
1659 7394 3015 8055
969 5670 1365 8280
934 3 1581 201
4981 1213 5950 1635
5644 2749 5978 2764
1421 8714 2378 9095
8064 7709 8913 7990
773 6475 969 8280
713 1682 2252 2586
8308 6903 9791 6997
5030 2842 5239 3866
4496 3447 5030 5488
5497 5553 5693 6283
5634 2765 9614 2946
1401 8055 6667 8281
4363 9757 7023 10000
648 8281 6689 8603
2519 370 4747 371
5868 430 6271 925
9954 1539 9994 7469
1369 7527 1659 8012
223 4250 4292 4410
4363 9585 8657 9757
1365 5965 2158 7394
620 2722 1396 3890
4768 8714 5773 9218
8761 5319 9703 5375
8941 3401 9616 3734
7061 5530 9100 6132
7046 9117 7684 9272
298 173 374 1370
4899 770 5704 1049
5216 3917 5283 5031
6047 9071 7010 9557
5203 2580 6453 2599
4067 6792 5224 6812
7716 9142 7814 9259
2158 7299 8549 7341
8081 8454 8789 8619
8789 8427 9819 9085
2100 1077 3686 1390
4009 813 4304 1980
6271 444 7456 1130
4578 2480 5196 2842
4959 6998 9820 7299
8657 9585 10000 9757
3907 6812 4959 7121
9942 2262 9946 7871
4985 5488 5489 6312
497 6817 545 7478
6971 4655 8566 5213
5950 1130 7451 1684
2378 8716 4764 8911
0 5341 947 5986
610 3979 3218 4246
0 7779 474 9354
6581 3871 6834 4944
7647 6888 8237 6995
374 3 720 981
2259 1682 3673 2303
7506 762 9111 2642
9604 612 9738 1945
1898 0 5631 370
2890 623 5817 749
1396 2586 2334 3891
720 807 1929 1439
5283 2600 5634 5479
7010 8619 8789 9085
4130 8915 4768 9157
5631 49 9335 430
7018 9346 7813 9530
3594 2394 4293 3917
3245 5530 4979 6326
6954 2947 8245 3452
5772 5954 7041 6132
376 981 713 2722
8040 8027 9819 8116
817 6143 922 6475
0 6783 479 7779
5978 2642 9597 2765
298 2814 620 3892
814 1620 3492 1682
1770 9442 2018 10000
4642 7538 7171 7816
9111 568 9604 1548
545 6782 773 8280
5773 8715 7010 9071
5709 5756 7061 5809
2590 6329 5695 6750
7524 442 9105 762
7457 757 7506 1320
3234 9556 4359 10000
183 4410 947 5341
2973 6750 3907 7180
2391 8911 4076 9218
3218 3928 4294 4250
7023 9757 10000 9898
2018 9442 6047 9556
7814 9085 10000 9557
4259 2011 7253 2226
759 2635 1146 2722
6689 7816 8007 8605
741 8703 6992 8714
5224 6780 9819 6888
1331 8968 1414 9084
0 9354 476 10000
0 3852 183 5341
9336 69 9966 568
5696 3388 6058 5723
1105 9095 1770 10000
947 4410 1366 5670
720 208 1898 785
2938 372 5131 622
2914 751 3784 1074
2158 5965 2191 6266
9243 1548 9432 2201
5695 6132 9099 6780
4304 768 4738 1980
301 1370 376 2814
4542 2842 5030 3447
4359 9557 10000 9585
1975 1399 3731 1427
4294 2398 4496 5528
2282 2303 5026 2392
2246 7356 7951 7392
5649 2947 6786 3388
183 3892 3218 3979
7041 9898 10000 10000
2018 9556 3234 10000
1773 9218 6043 9442
8835 3090 9583 3357
545 8714 1105 10000
2318 4634 2333 6185
1366 4417 2315 5965
7960 5346 8284 5525
2161 6333 2590 7210
4738 1684 7158 1943
3015 7468 4583 7974
2333 4413 3245 6329
3180 2393 3488 3891
3245 4426 4269 5530
479 7515 542 10000
5171 460 5680 527
6914 3465 8901 4655
2165 7212 4188 7292
5065 3916 5212 5464
9767 793 9911 5133
1940 371 2884 1077
199 3988 605 4244
4959 6888 7647 6998
8912 3980 9360 4523
9100 5375 9820 6778
