4752 302 9292 802
0 9973 9702 9992
0 6213 1049 6677
9796 222 10000 10000
4819 5354 9257 5394
8912 7389 9200 9922
4283 4785 4371 9258
346 9633 7950 9647
4481 5394 9500 6034
6503 7039 9289 7195
4843 2404 8002 2416
0 1853 5062 1923
4628 857 5590 1249
316 6909 892 7984
1315 2115 1518 3813
4833 1253 6891 1680
4168 3523 6862 3790
8385 802 9796 3583
1370 3860 1481 4039
1119 2085 1305 5105
2809 9898 7900 9930
3829 2371 4750 3520
606 2085 1119 4209
7473 3583 9500 5352
1021 222 9051 286
2776 6871 3123 9620
1305 4530 3149 6692
6891 802 8385 1681
0 9647 8328 9898
655 4329 1041 6014
892 6692 2776 7992
3525 364 4628 1655
9200 7195 9636 9973
3149 4654 3582 9633
1518 2354 3788 2814
5331 6915 8224 7009
0 1655 4813 1852
1518 2814 3795 3870
5590 802 6889 1253
14 4873 172 5396
5062 1681 8385 1926
8328 8016 8912 9970
4377 5514 4481 8030
0 6677 300 9647
4375 4660 7473 5326
0 1926 8385 2085
7243 6480 8530 6860
4520 7009 5579 9517
1481 3870 7473 4530
3582 4656 4283 9632
9636 8049 9749 8814
6242 8061 8027 9624
8427 6925 9159 7012
0 0 10000 222
3220 4533 7473 4654
1665 630 3423 1134
9012 6083 9403 6826
209 640 1661 984
746 346 3088 630
9500 3583 9796 7195
302 7992 2776 8498
300 8498 2775 9633
1049 5105 1305 6691
0 1136 3500 1655
6180 7195 8898 8016
1518 2085 8279 2354
4900 2416 8358 3520
173 2118 605 6213
5579 7617 6180 9633
4516 6034 7025 6863
