1186 5049 2082 5139
552 6837 694 9797
2493 0 2746 4557
2746 1 3251 1088
4979 3691 8587 3926
5241 6816 5460 6978
879 971 897 2000
4141 1918 4783 5571
2370 9242 3149 9731
8340 9601 10000 9797
4783 1900 5242 3524
0 0 45 10000
953 1514 1053 2361
7003 4229 9200 4890
8639 8557 10000 9234
7376 5039 8148 6707
2348 19 2471 4556
2472 212 2493 4557
473 8022 551 9797
7372 6798 8074 7069
2864 8595 4581 9016
8242 4899 9459 5232
2462 5232 2648 5398
6695 2621 8383 2964
987 570 1228 1351
1418 2253 1959 3302
871 52 1256 391
831 5454 986 7179
7031 572 10000 713
2360 8611 2770 8832
5481 890 6932 1011
2225 6614 2517 7458
2226 7459 3972 7735
6431 4658 6854 5675
47 9108 449 10000
1631 3360 2007 3451
5224 8097 5770 9797
5516 3926 8513 3943
8913 5776 9206 7736
449 9797 10000 10000
5770 8208 6032 9797
5818 3255 9113 3650
1949 8992 2105 9382
8336 9370 8340 9714
2299 5571 4840 5864
6176 1011 7481 1541
4840 4188 5421 5864
2517 6616 3846 7459
9372 2348 9680 4596
4633 8096 5224 9797
6694 2964 8475 3255
9114 2638 9355 3643
6090 4654 6395 8071
5554 4709 5558 5246
52 3774 107 7033
5795 1541 8826 1621
6047 4649 6082 9276
5357 1011 6176 1416
6694 2221 7132 2621
9810 3940 9930 8506
772 4684 1146 5103
9463 4596 9680 7828
3376 5976 4994 6616
6999 7934 7680 8133
5866 4906 5973 5629
1059 8262 1924 9729
7132 2348 9371 2621
3663 8171 4408 8331
3663 7907 4633 8171
7132 2219 10000 2348
3846 6621 3972 7459
246 3891 698 6837
4983 3524 5490 3645
2368 8842 2853 9172
5534 4161 9137 4224
1932 1142 2318 2117
207 2763 244 8108
7579 8670 8336 9797
9685 2406 9810 7813
257 6920 394 9086
8340 9536 9642 9601
1538 418 1773 487
1762 947 2079 1047
1817 409 2019 898
1740 5162 2320 5221
2224 5866 3105 6614
6037 9278 7569 9797
2746 1900 3951 3050
694 7184 1059 9731
2084 4014 2176 4505
1095 6831 1403 8262
750 2372 1315 3855
8340 9234 10000 9536
7874 1372 8820 1420
5242 1419 5490 3523
3186 9016 4559 9713
3251 346 5318 465
2945 1645 5242 1900
108 384 207 9090
5652 6647 6047 8097
1410 6108 1819 8016
2026 2523 2348 3264
8695 0 9997 452
8197 5249 9192 5535
7002 7322 7243 7405
4994 6180 5351 6816
6082 8073 6606 9278
5793 1621 8826 1976
1214 4820 2633 5049
2800 1095 2860 1395
1732 3461 2336 3874
3307 471 9456 572
2364 8375 4633 8595
4747 6978 5652 8096
698 5221 2380 5429
767 3896 1324 4669
8167 5535 9212 5776
2949 1508 3398 1644
3411 1409 5242 1645
5558 4224 5785 5766
1886 4557 3952 4765
6084 5870 6090 7131
1822 6278 1876 7808
2648 4765 4141 5571
8936 7828 9810 8557
259 2580 567 3891
45 382 108 3774
5101 3650 9372 3691
3109 5864 5426 5976
6395 5675 6997 8073
209 503 376 2499
382 0 836 2178
6997 7405 7686 7934
3252 0 8695 335
9212 5232 9463 7828
3972 6619 4747 7907
8645 7523 8907 8010
6854 4910 7288 5654
7458 4891 8238 5038
5203 3949 9200 4157
8564 6464 8639 9194
6997 5757 7372 7322
2950 1200 3411 1501
6606 8133 7579 9278
1318 266 1418 3521
9161 2023 9996 2215
7031 713 10000 990
2872 1195 2945 1899
5421 4219 5534 5327
2279 7849 2360 9728
1228 6103 1384 6799
1324 3890 1886 4810
7481 998 8606 1367
2226 7880 2276 9731
7686 7069 8139 8665
8151 5776 8912 6458
8195 6458 8559 7147
6785 403 8132 461
2360 7735 3663 8375
9680 3195 9685 7164
3411 878 5357 1409
8155 7148 8564 8670
5426 5630 5501 6749
6694 1976 9161 2219
3955 1916 4141 2434
8826 990 10000 1976
9456 488 9758 565
1423 1525 1810 2182
5501 5768 6047 6647
717 5429 831 7184
1418 182 2004 364
9930 3935 9996 8445
6365 335 8189 381
5490 1417 5791 3648
5791 1976 6694 3254
2746 3050 3952 4557
1859 5430 2299 5751
8475 2841 9113 3244
698 9731 4027 9797
8587 3691 9371 3949
3105 6011 3376 6616
1924 5753 2224 8992
3266 572 7031 878
9830 2520 9986 3628
7483 1487 8793 1537
1117 5495 1859 6103
4821 3637 4979 4188
95 156 214 382
8383 2667 9001 2838
567 2570 717 3891
1631 960 1756 1329
5785 4224 7003 4649
3952 2756 4139 4764
