3327 396 8007 916
1421 163 1645 2526
128 3109 1761 5590
1951 6593 4887 6722
3327 916 4596 2753
2195 3501 3805 4016
3865 9727 9514 9990
0 9777 3848 10000
6876 7070 7251 7763
9862 2065 9998 6115
4955 1839 5491 2576
7791 8236 9530 9186
1764 7154 3416 9186
8343 2065 9862 4094
7630 9403 9493 9719
4843 6725 5548 8376
1975 7059 3330 7150
2080 3331 2195 4804
4905 5045 5528 6725
9759 6409 10000 7890
6464 1679 8343 3930
126 9186 9535 9393
984 9715 3287 9777
2403 424 3327 2058
8364 4094 9120 6055
0 9393 7630 9715
0 164 126 9393
3416 6722 4490 7973
672 163 1421 2525
8807 6408 9745 7898
7821 3930 8295 5805
2607 3418 5216 3460
9535 7898 9986 10000
126 5919 1764 8871
3416 7974 4489 9186
9141 4094 9862 6055
1645 398 2397 2525
2204 6817 2722 6847
7048 3951 7821 6007
427 249 671 1917
128 2526 3085 3099
7256 6407 7791 9186
5548 1679 5691 8730
5691 1679 5906 8737
4596 916 9179 1679
7013 6055 9448 6114
7013 6115 9996 6407
4002 3590 5469 4016
1894 6367 4782 6549
8007 396 10000 916
2005 3343 2041 4786
1764 4942 4905 6367
7848 6409 8807 8209
0 0 10000 163
4489 8382 5480 9186
6863 3944 7013 6734
9179 916 10000 1755
8343 1755 10000 2065
2195 4016 5548 4942
957 8871 1369 9133
353 5737 1412 5919
4490 7134 4735 8245
5685 8737 7089 9173
2397 2065 3315 2523
5906 1679 6464 8182
6097 8182 7256 8737
1645 163 10000 396
6521 4115 6822 8179
3547 2753 5548 3416
