5035 8069 8762 8394
6429 3107 6740 5195
5080 1869 8879 1986
1158 704 1460 1451
9638 2201 9909 3207
6003 1094 9423 1595
2937 925 3040 8042
6470 9546 7560 9962
2022 5832 2395 9058
3696 4774 5025 6015
4024 4286 4953 4761
8835 4936 9115 6803
5255 5195 6779 5979
5269 2719 5743 5107
769 1452 1461 1795
0 6324 114 9549
9911 2188 9947 7258
3117 896 6570 966
6740 2936 7054 4771
5116 2004 5949 2039
1944 4198 2176 5378
8515 4342 8526 7956
1461 706 1619 5988
8879 1675 9435 1988
7903 4009 7941 5685
6796 4771 6985 5797
1322 1795 1461 7455
0 1652 171 3705
9676 208 10000 1438
1542 5991 1819 10000
1466 5988 1542 10000
778 418 6612 661
3060 2956 3372 3678
4323 6178 4407 8323
8832 1988 9325 4688
769 704 1158 1451
11 5575 225 5969
2395 5058 2825 9763
3381 4902 3696 6086
2825 9160 4922 10000
7104 1986 7644 5913
9418 4759 9679 8946
1819 5830 1859 10000
5848 7521 8513 8030
2193 1763 2826 5058
4205 1770 5026 4286
2826 8407 4926 9160
143 8418 960 10000
9432 624 9599 1420
1628 5485 2395 5830
181 3058 280 4499
7644 2016 7678 5913
27 4515 212 5460
1031 1805 1178 7075
3733 8324 4668 8407
5806 2081 6413 5185
349 2054 527 5362
1675 4798 1812 5485
4921 7182 8307 7485
9627 3210 9911 3763
293 1856 349 7598
636 6662 948 8363
6355 5979 7468 6560
5138 1680 5257 1869
3599 1595 9431 1675
3606 1675 5138 1770
1944 1961 2193 4083
1859 9764 2489 9993
8243 347 9432 966
7678 2232 7786 3613
5533 8997 10000 9276
8526 1986 8832 8029
5026 2039 5214 6015
5238 8527 5531 10000
3372 2921 3692 4900
6094 9276 10000 9546
3644 1046 3857 1544
4482 7644 5035 8124
258 1652 621 1827
1861 5834 2022 8784
769 201 9676 347
960 7075 1096 10000
8762 8029 9101 8946
3718 3473 4013 4774
2826 890 2937 8405
5131 8030 6987 8069
4926 8528 5238 10000
1096 7455 1466 10000
3857 966 9431 1094
9435 1438 10000 2188
9698 3766 9911 7803
4826 7524 5773 7643
5531 8527 8058 8946
3877 1414 5944 1545
876 661 6612 704
3132 8274 3198 8382
7789 1986 8526 4009
4407 6878 8512 7182
9635 9803 9858 9975
5274 2224 5628 2526
7468 5913 8512 6562
4408 6015 6306 6878
5747 2271 5755 3204
3355 6086 4323 8324
9325 2188 9627 4635
2192 1540 2661 1763
6415 1986 7043 2844
3743 1876 4205 3322
1178 1798 1322 7455
6612 418 7467 965
1902 9058 2395 9756
553 3766 640 5953
3040 966 3599 2921
9115 4688 9418 8944
7968 4272 8503 5913
640 1795 1031 6662
769 0 10000 201
7467 347 8243 966
1619 1499 1944 4798
9947 2188 10000 8946
6306 6564 8263 6815
7060 2129 7104 5979
383 5846 552 7428
4926 8394 8071 8527
5816 1675 8874 1869
769 347 7461 418
8071 8395 8701 8943
1732 892 2804 1499
3043 3678 3355 7964
5214 2039 5255 5589
1803 706 6525 890
5533 9280 6094 10000
5533 8946 9959 8997
7690 4332 7903 5908
0 0 769 1652
3859 1094 6003 1414
