0 3608 765 7422
4388 7334 6601 7986
3295 1802 3758 4617
996 5707 3283 6446
0 7427 3744 7987
1246 7270 3224 7396
4638 0 5799 785
1231 2218 2997 3472
5799 0 5978 4611
3096 8505 10000 8874
6602 6428 9959 6786
1732 8145 10000 8505
997 1605 1203 3255
1028 51 1590 1295
7017 1115 7197 3154
8097 1669 9880 2064
9959 1646 10000 8066
2047 68 3520 541
0 9536 6540 10000
908 0 996 7414
5978 4116 9959 4284
3758 1802 4118 4617
0 0 766 3608
996 3472 3283 4848
6601 6786 8401 8145
7425 1517 8097 4114
8871 9068 9994 9998
1590 1109 5783 1766
4118 2564 5799 2767
9280 4588 9959 6426
8401 6788 9959 8145
7197 303 10000 1138
5875 4611 6080 6154
8178 1138 9965 1646
3283 4617 5875 6154
8784 2064 9944 3023
3520 0 4638 780
1261 1766 4117 1802
4396 6163 4517 7320
3655 6160 3744 7427
7197 1138 7425 4116
5978 154 6790 2755
0 7987 6599 8145
6798 2282 6952 3040
6080 4767 8746 6149
0 8145 1730 9536
4226 1772 5793 2564
996 4848 3283 5707
8191 3127 9898 4102
4186 2771 5771 4615
6542 9300 8871 10000
6080 4588 8097 4767
6805 311 7180 1073
996 6446 3655 7270
8746 5358 9175 5831
6811 3424 7181 4015
1110 1368 1580 1477
1733 8874 8871 9300
5978 4284 9959 4588
1730 8505 3096 8874
1732 9300 6542 9536
7505 1138 8173 1500
5978 2794 6526 3637
766 0 908 7421
6794 0 9725 303
1590 785 5799 1106
6601 6149 9280 6428
3744 6154 4388 7986
4517 6154 6601 7334
