2787 329 4246 539
9052 2066 9747 3245
9431 3608 9550 9933
2619 109 2787 4289
415 435 486 2279
3798 539 4044 2602
7693 4171 7942 4381
3656 5350 3959 7723
7663 7897 7953 8665
2787 542 3095 5913
6675 7878 7663 8570
7580 4427 7777 4438
6695 1753 6832 4782
3359 1663 3389 2060
0 3022 742 4146
1210 6484 1840 8267
9269 3245 9339 6709
5908 4486 6692 4814
6676 8667 8285 9168
8807 2072 9049 3972
599 52 931 2643
7488 4664 9075 4811
1427 8871 3778 9038
6297 3068 6692 4485
2560 4978 2673 7412
2169 7723 4118 8037
1463 51 1815 800
754 5260 1362 5699
3976 3051 6291 3405
5484 6937 6182 8941
9197 0 9434 1085
122 8268 4119 8399
3436 4010 4926 4486
7942 4263 9154 4664
4555 9709 5082 9922
2474 9115 3892 9712
6194 5706 6331 6806
6061 9382 6129 9614
8635 3063 8791 4245
780 7436 1210 7909
4344 2354 4863 3039
4034 5511 4281 5610
2569 4549 2691 4978
7287 1026 7523 2094
4471 114 5019 2022
2163 8037 4113 8268
5510 6219 6191 6937
171 9201 1192 9312
1160 6053 2257 6484
6832 1753 7098 4232
3971 6951 4076 7457
0 0 415 3022
2158 2614 2563 4395
6267 1090 6692 2401
6838 4232 7488 4792
1840 6541 2160 8266
1050 1462 1581 4593
8053 6391 8758 6559
1188 286 1459 1400
5819 110 6909 1090
8884 8583 9431 9919
1581 842 1737 4585
6331 5710 6856 7206
6692 1090 7287 1753
9347 4878 9394 8328
124 8889 1342 9010
6129 9184 8291 9933
7099 2094 8807 2764
7098 2764 7646 4230
3275 4032 3436 4405
2716 4289 2767 5913
9661 6172 9721 9470
6182 7673 6675 9184
4024 4798 5893 4806
7894 6292 7949 7550
498 5841 1156 6738
4022 9436 5115 9680
389 7389 1116 7424
3095 540 3798 1663
7646 3246 8419 4138
2096 137 2156 5075
4868 2401 6695 3051
4119 6804 4538 9044
9160 3614 9269 8254
5463 1567 6267 2401
4389 9928 4646 9933
7367 6862 7876 7206
1815 52 2038 5075
1865 5075 2232 6010
7050 684 8204 1026
6985 59 8448 120
2038 146 2096 5075
6981 5865 7723 6733
7887 1527 10000 1604
9747 1610 10000 9933
203 4914 485 6417
9737 3249 9747 7860
3654 4486 5908 4798
2564 109 2619 4549
0 8399 4113 8871
4631 6221 5484 8875
6909 122 8221 558
4444 2022 5463 2352
4348 497 4462 1876
5502 4896 9093 5321
2673 5913 3093 7719
8291 8583 8876 9883
6675 8574 7620 8667
0 9044 4873 9115
2156 109 2564 2614
8487 5523 9042 6272
7923 5391 8487 6292
4281 5321 7923 5705
945 50 1174 1417
6182 7206 7894 7673
3877 9785 4015 9841
4044 542 4344 3033
24 4146 122 8355
7537 1427 9421 1519
2041 50 6985 109
4605 8875 5301 8939
729 4858 1388 5229
5129 8941 5759 9933
3095 1663 3228 7717
415 0 9092 50
3228 4497 3654 7717
0 9933 10000 10000
5022 123 5819 1096
6723 7673 7954 7878
2257 4892 2560 7723
1388 4595 1732 6053
7711 2771 8392 3240
5760 8943 6061 9933
813 9800 3392 9886
7755 1609 9747 2066
6731 9168 8191 9184
468 4599 1122 4779
742 2643 1049 4598
5046 1601 5190 1804
9550 4426 9661 9933
122 7547 674 8148
4476 5705 6192 6219
8262 275 9169 528
4324 4814 9063 4894
7523 1085 9445 1427
5020 1097 6257 1567
3892 9171 4882 9429
2166 4395 2554 4892
8204 873 8652 989
3228 2602 3976 4010
4971 2358 5463 2397
3654 4894 5502 5321
4540 6365 4631 8875
163 6738 937 7384
3959 5767 4475 6804
7954 6559 9160 8583
6856 6753 7327 7203
4050 3497 4826 4010
1738 1393 1815 6046
9445 0 10000 1524
9404 5911 9431 7817
4942 3405 6183 3420
2790 110 4471 329
4926 3420 6297 4486
0 9313 2353 9799
