119 508 461 9549
8366 6328 8787 10000
3575 2085 8661 2575
6526 6319 6826 7859
4726 9290 6886 9297
3555 1760 8561 2085
6087 4114 6778 5042
6185 5322 6626 6319
2311 3554 6053 3578
8789 1109 10000 1813
5006 6542 6526 8038
2985 6550 4564 8357
527 1760 1996 3523
0 0 2729 442
527 7380 2626 8012
603 6036 2820 7375
7899 2635 8328 9675
3026 499 4840 1087
7268 3786 7899 9549
840 5124 3944 6036
9146 872 9847 1109
5250 973 6100 1423
0 959 79 9552
7122 13 9122 348
1158 4712 5501 5124
540 4453 2576 4706
832 3540 2151 4358
1996 1764 3548 3540
4623 7174 4909 7802
8706 362 8784 2664
516 9794 7429 9888
2151 3596 7899 3786
1304 1567 5876 1591
2729 36 3376 436
4935 8038 7268 8364
5261 514 6698 742
461 1564 523 9549
6121 1047 8497 1547
2846 6036 2985 8023
3548 2575 7899 3529
9846 4557 9979 9205
3014 6359 6522 6542
5501 3906 6087 6339
79 510 119 9549
6519 0 7049 315
79 9549 7899 9794
523 1591 8666 1760
4068 5145 5441 6359
382 442 7613 499
537 8371 7267 9290
9156 4720 9846 9410
9269 2190 9982 3412
2576 3786 5501 4711
8328 2664 8787 6302
4961 742 6777 951
3376 37 6519 436
527 8012 2452 8371
8787 1813 9156 10000
6826 3786 7267 7760
9197 3903 9846 4705
1539 9462 7114 9549
461 503 3026 1564
