8576 0 8881 1281
3573 6075 4188 6911
4843 7424 6605 7564
6497 2162 6509 4212
7132 8624 8768 8880
1158 4881 1977 6076
7212 7334 8765 8538
6803 2508 6981 3186
5645 6240 7647 6356
9385 0 9506 8919
457 6701 1756 7655
9506 0 9678 8922
1977 0 2245 5921
4158 8891 8757 8920
466 4619 1977 4881
1886 6693 3393 7186
3169 1850 5569 1995
9070 9127 9678 9589
6757 22 8037 369
4758 8212 7080 8335
7647 6237 8351 6356
6127 0 6497 4411
460 7656 4621 7823
4828 5452 5645 7144
6981 2063 8411 3190
7304 8538 8766 8577
460 5659 980 6653
6901 853 7082 1183
6505 0 6685 870
0 4620 310 10000
1438 1776 1780 3166
62 3170 1977 3417
3532 2040 5037 2233
9855 1951 10000 10000
8250 4356 8863 5953
2739 180 2870 4039
1756 7186 4188 7654
0 4306 1977 4617
1024 5595 1158 6514
5918 1163 6127 1520
2722 7987 4087 9639
1677 9846 2992 10000
8412 0 8576 4349
4123 8922 9570 9081
3965 591 4954 1186
2871 3609 3975 4486
4622 5453 4828 8049
3393 6736 3528 6823
310 4617 457 9979
8753 9592 9628 9989
5144 503 5417 786
2221 5921 3148 6069
6653 3190 8412 3853
8863 3887 9186 7079
6554 6127 8357 6237
1177 3885 1907 3984
2274 9213 2722 9846
3048 1960 3169 2180
5037 1995 5644 4433
8057 4157 8250 6126
6525 903 6653 3488
2992 9795 4789 9992
2245 0 2739 4513
5644 1848 6127 3992
8041 25 8353 2063
6700 1380 7043 2060
8881 0 9202 3887
0 425 758 3170
3148 5514 4622 6075
5018 7144 6031 7416
3981 4433 5241 4568
6084 6917 6348 7406
4026 3592 4471 4352
2788 5220 5270 5452
4087 8335 7132 8891
4280 138 5202 498
5306 9440 8696 10000
15 3992 461 4292
1356 1862 1400 2257
2847 4579 4845 5218
761 3027 1312 3135
4708 2312 4989 3010
6650 3853 8412 4136
3379 5468 3959 5504
8865 1281 8881 3470
8768 7079 9101 8922
189 3417 532 3920
532 3417 1177 4306
9750 1935 9855 10000
828 1899 1263 2854
8576 1281 8863 4356
1715 8288 2266 9628
758 761 1153 1619
3603 754 3956 1549
6554 4662 8057 6127
8357 5953 8844 6345
3290 2279 4015 2472
1158 6076 3573 6693
120 3741 181 3891
1677 8115 1708 9834
9186 4531 9385 8921
9101 7308 9184 8922
2478 7830 3895 7987
5306 9081 8988 9440
4221 6235 4561 6372
1836 348 1977 2975
6348 6878 8766 7334
2245 4530 2688 5916
4109 8049 4743 8335
1153 78 1820 1656
460 4882 1155 5583
2321 8068 2722 9213
4858 4594 5504 5219
9202 0 9385 4531
9678 0 9750 10000
5967 4411 6554 6237
1713 7840 2231 8288
4188 6386 4622 7656
5653 6356 8843 6878
4964 9186 5271 9876
460 7823 1677 10000
9750 0 10000 1935
4839 7564 7212 8212
959 247 1076 398
45 124 685 425
2870 2472 4708 3592
3956 1206 5857 1848
2764 4149 2847 5105
5645 3992 5967 6240
2883 3 3556 1181
5274 9197 5306 9992
6565 4181 7833 4662
4715 3101 5037 4433
3498 9639 4956 9791
7138 439 7964 1918
