7145 0 8428 3099
8394 6143 10000 8109
1339 1894 1753 8811
8334 5324 9606 5391
5388 1788 7145 3414
5027 975 5190 2205
872 1894 1339 5996
0 5515 695 5999
0 0 868 3123
7145 3099 8019 3332
1445 9296 4381 10000
1753 6660 2603 8811
2449 2492 3662 6656
7419 7085 8394 8278
5345 332 6433 1779
6773 357 7067 1276
0 8281 836 9573
3662 3577 3925 4456
3662 4456 4058 6190
4381 679 4430 9621
1753 0 4111 2492
4430 3414 7407 5196
836 8811 4378 9296
0 3123 700 5515
6365 8289 8759 10000
868 0 1605 1894
1605 382 1729 1353
4111 253 4776 674
5549 6051 6355 10000
9630 0 10000 5794
2892 7628 4140 7790
8037 3100 9630 5324
0 9573 1445 10000
5524 6580 5548 9941
4430 5265 6295 5508
6491 5505 6546 8098
8428 992 8842 2944
6546 5196 7417 8289
2946 6688 4011 6820
2311 2665 2449 5863
7417 3332 8037 7085
1091 6038 1339 8807
4159 751 4375 7971
2604 7790 4159 8811
8759 8109 10000 10000
8194 5429 9570 6044
1753 2558 2311 6660
4430 5508 5354 9605
700 3172 872 5998
2603 7082 3775 7605
0 5999 1091 8281
