1613 7954 3198 8575
8686 2704 8774 8484
3052 9003 4729 9349
6685 505 6815 3437
1294 9480 5408 9732
8128 3403 8563 3564
526 2675 2031 3424
6363 7208 7473 7424
9724 1439 9814 5076
8906 2704 9044 6679
7522 8485 8906 9245
0 9732 5349 10000
1729 3487 1955 5783
649 7587 1613 8196
4396 2167 4919 2799
9044 4861 9599 6676
5598 7636 7534 8291
9732 0 9911 1400
7802 0 7981 6631
6949 4875 7114 6823
9825 1447 9905 5330
4063 1995 4208 8383
9601 3199 9690 5859
274 4925 467 5543
7534 3584 7802 8310
3193 3009 3402 6206
7982 5349 8336 6631
5492 4354 5852 5380
8382 3564 8684 5498
5503 2361 5728 3608
229 1205 482 2358
8907 6679 9959 7288
5212 207 6815 487
8782 97 8874 731
552 3466 728 6087
6932 26 7355 2593
7981 0 8782 738
5007 1150 5202 5726
4729 9078 5669 9480
5352 8310 8199 8485
8293 7812 8685 8485
7802 6631 8336 7668
5669 9245 8440 9519
6916 7526 7101 7610
9430 0 9724 2684
4727 5778 4843 7975
1203 1096 1679 1298
9431 3441 9588 4857
4237 1969 4345 8359
6153 6897 7325 7208
8336 5498 8686 7812
382 990 623 1183
0 9047 3052 9350
4745 5697 4908 5712
5465 9826 10000 9829
8440 9270 8633 9431
1610 8575 6297 8959
2 678 3937 990
5408 9519 10000 9826
1914 990 2512 2426
3198 8140 3496 8498
5979 1283 6241 1893
3706 4443 3792 5402
153 5543 477 6985
4464 2825 4781 3665
5363 7734 5591 8048
2567 3015 2895 5930
4208 3129 4237 8383
8077 738 9125 2704
728 3430 1729 4710
3841 8384 4466 8575
5413 7461 6838 7633
7994 4565 8332 5349
9911 7 9998 5681
4105 0 6817 206
8142 3814 8382 4469
9599 5859 9960 6676
5492 1905 6319 2305
8774 2704 8906 8478
3937 377 5169 916
6447 1175 6649 3155
2529 1975 3606 2998
6297 8487 7522 9245
1810 5869 2448 5885
16 0 199 677
3841 3449 4063 8384
7356 0 7802 1700
798 259 5212 359
5979 487 6639 1175
4739 3733 4857 5091
9125 0 9430 3809
1647 8959 6297 9003
3630 5589 3781 6502
0 9479 1294 9732
199 40 384 644
3611 1962 4063 3441
539 6157 730 6995
2031 2838 2058 3175
5232 622 5395 1549
6958 2594 7036 4530
1279 6396 1428 6743
1758 5885 2535 7803
9690 5076 9820 5852
7355 1700 7798 2543
482 1298 1914 2426
792 0 4105 259
4736 9007 5857 9078
9960 5681 9977 6954
3700 6766 3841 8514
14 6996 1704 7581
9 990 229 2428
2512 1323 4749 1962
5909 2458 6312 3810
64 7581 649 8219
2548 5930 3193 6541
5479 6573 6153 7304
4843 5726 5249 8575
1704 5783 1758 7815
5349 9829 10000 10000
1801 2426 2419 2626
0 2428 1784 2675
4901 3670 5007 5661
6386 3160 6494 5604
2895 2998 3174 5841
5888 4891 6280 5253
7042 2593 7802 3584
7154 3660 7288 5098
5375 3525 5406 7734
1 8219 1190 9047
9430 2827 9616 2886
730 4710 1222 6996
9046 3809 9431 4861
5679 5719 6816 6539
244 2822 524 4876
1784 359 3937 556
7802 7668 8292 8310
3402 2998 3555 6539
384 363 1784 678
1955 3430 2088 5868
127 2943 241 5401
6495 3437 6773 5681
8907 7288 10000 9010
8099 2704 8506 3388
4359 3347 4376 7584
5994 3812 6206 4408
3985 916 5222 1040
2088 2627 2528 5868
1637 7818 3143 7952
2514 1040 4751 1323
4466 3665 4727 8575
4751 1143 4998 2117
3559 3461 3702 5454
1222 4723 1704 6396
8015 1121 8077 4565
9388 9010 9870 9076
385 0 792 361
1784 556 3937 675
5047 206 5866 207
7288 3671 7534 6825
0 9350 4724 9478
3198 7815 3599 8095
5411 879 5436 6740
1190 8197 1608 9047
2535 6541 3699 7815
0 2675 120 6957
6817 8 6932 6896
9185 9096 9992 9468
4377 3394 4456 7841
5436 489 5979 1905
5249 1549 5352 8539
