9689 5615 9889 5829
1266 274 3585 1603
0 5789 5266 6058
5392 6125 9949 6458
5429 6458 8369 6993
5010 2465 5423 3457
5423 732 6079 3476
9949 438 10000 10000
1192 7877 1548 8480
35 965 1266 1220
2913 4866 3158 5041
1225 5188 3330 5334
3392 8235 3424 8508
3585 1202 4395 1630
5415 231 8216 242
4456 3476 6413 4441
6095 731 7305 1982
7597 2730 8160 4190
362 9549 3999 9867
1420 3836 3670 4194
6655 1982 7305 5876
8632 9327 9769 9829
9474 6458 9949 9327
2942 7883 3313 8567
5266 5799 5480 5997
4794 9741 8620 9847
1552 4225 3243 4531
8202 2442 8362 4124
8262 7523 8792 8099
1070 7489 3498 7877
0 8928 4162 9549
6119 4624 6392 5364
9233 0 9949 2151
2056 5368 5888 5369
8090 9325 8367 9437
9366 3498 9934 3665
8931 9070 9427 9301
7454 734 8041 2171
0 5369 6406 5578
1258 4564 2812 4953
1175 8668 7040 8749
4249 428 5532 544
4417 2000 4451 2466
887 8749 7669 8771
0 1225 444 2663
8357 5553 9517 5806
4464 1004 5397 2443
8365 651 8615 1533
2358 1668 4417 2062
0 0 8634 228
8365 1598 8912 4036
2485 2062 3840 2303
7894 7498 8262 8047
1069 6858 3501 7489
4660 9057 7373 9741
8369 6563 8894 7523
7498 2736 7557 4054
0 6919 1069 8007
5615 6993 8368 7227
174 3668 1225 5227
1238 8592 6360 8665
0 8771 7715 8928
3632 362 4013 1145
4371 604 8046 729
3330 4449 5183 5368
1713 7878 2675 8507
16 6071 1972 6264
8634 48 9228 1598
10 228 5382 273
7505 2317 7849 2684
7722 8099 8797 9325
6418 2089 6632 5590
0 9915 9732 9987
8047 621 8365 2442
7453 4589 9949 5553
3749 3859 4456 4243
0 3467 3386 3526
5183 4441 6119 5368
1342 2950 4754 3052
5532 242 8414 592
3501 6858 5429 7183
613 9867 9205 9911
3320 4300 4451 4449
1972 6058 5375 6271
469 1603 1969 2947
0 5685 6605 5789
7073 7902 7722 8749
1652 3119 5010 3467
9895 2848 9947 3120
3424 7902 7073 8592
5612 7227 7894 7902
8913 2151 9895 3453
8797 7606 8894 9322
3501 7183 5612 7902
4163 9024 4660 9576
0 6271 5392 6517
0 5578 6418 5685
4438 8973 6576 8987
1283 3781 3320 3836
8894 6458 9474 9070
5375 6097 9949 6125
7305 729 7451 5764
5480 5876 9949 6097
7 8007 1175 8749
7451 4190 9949 4589
0 6517 5429 6858
