3429 1422 3773 3674
7498 5213 7983 5883
5539 4404 7966 4818
5312 7282 8056 8554
2277 9125 5775 9608
5533 7116 8056 7281
9604 1786 10000 8990
6731 9128 9882 9221
667 7396 821 10000
3342 8990 10000 9125
5469 5353 5575 5401
0 422 3429 630
7952 1028 8656 3045
7794 3232 8573 3256
3171 3676 4199 6355
7987 3256 9604 5670
6197 8826 8021 8932
4337 7116 5312 8990
667 5851 1615 7396
2362 4199 3171 6355
8057 5717 8218 8990
667 4510 1722 5848
8229 6015 9275 8985
821 7396 3254 9125
3833 3127 9538 3142
1627 7147 4211 7337
821 9608 5603 9881
5497 8554 8047 8652
3254 7337 4337 8990
5775 9221 10000 10000
8766 1987 9557 2853
9351 6115 9489 8614
0 4510 667 10000
6210 4964 7498 5821
3773 3142 7794 3507
0 1118 2009 2799
2003 3676 3171 4199
5469 5944 7559 5982
1722 4253 2362 6355
2009 631 3429 3676
3773 2152 7952 3127
4199 4404 5469 6046
8747 422 10000 1786
7650 422 8747 968
1616 6355 8057 7116
0 2799 1289 4510
3773 1421 7952 2152
2175 9353 2277 9503
4601 6193 7202 6355
0 630 2009 1118
3429 422 7650 967
4203 3507 7979 4404
0 0 10000 422
1289 2799 2003 4253
4921 6046 7616 6190
3433 968 7952 1421
