397 2769 645 4415
6848 7068 8997 8538
3006 5062 3251 6240
5334 3353 5688 3986
627 594 3689 674
8513 8988 8788 8994
3732 5359 6308 6240
7972 802 8546 7066
1488 1681 5013 1751
8729 0 9227 6191
12 1077 262 4759
3920 9330 5709 9756
9086 7247 9344 8213
6144 173 6878 1356
2204 6240 6304 6850
135 8671 3956 9055
7287 4433 7805 5035
912 9092 3920 10000
846 9288 912 9721
7 7878 1185 8303
264 1077 371 5311
3647 7032 4320 7815
5932 9095 10000 10000
18 74 5859 277
7121 5320 7796 7068
452 4469 1755 5037
0 8383 2709 8636
6153 6896 6305 8029
4013 3165 5162 4126
7929 0 8728 757
6889 472 7054 2639
8801 6191 9191 6218
2954 2059 3256 3074
587 9087 2729 9092
5719 8757 5932 9725
838 1077 4365 1681
7917 952 7971 1366
8565 924 8729 6947
9417 413 9495 8405
3943 4126 6308 5359
6413 1571 6811 4236
7807 3511 7972 5675
9678 4664 9971 7729
716 2263 1196 4362
1800 4512 2335 4995
7054 0 7906 2697
6812 2697 7806 4433
6296 8538 8904 8835
1194 7917 6137 8380
9495 58 10000 3322
9272 3469 9394 6572
9227 299 9414 3469
3956 1985 5683 3165
6848 4458 7121 7024
719 1626 838 2225
1601 1759 4909 1905
4162 504 6143 643
3251 3399 3731 6239
2368 3074 3251 5038
0 5311 970 6397
3275 2117 3687 3399
4280 9784 5907 9965
5147 1231 6144 1985
988 6302 1895 6388
970 5038 3006 6240
7287 9053 8741 9095
6202 6 7022 173
0 7181 2296 7878
6308 4452 6807 8537
4339 7160 6093 7917
6807 4542 6848 8538
0 6397 2204 7181
3963 8381 5700 9237
838 1751 1601 2263
454 1416 716 2723
5694 2068 6412 4102
2336 6850 3605 7899
9503 3322 9678 8376
5932 8900 8386 9037
9810 3351 9885 3935
303 334 5294 504
3731 1905 3943 5356
8997 8405 9998 9095
4081 6914 5978 7028
6402 4236 6812 4452
1910 1905 2368 4217
1203 2266 1910 4328
0 674 6144 1077
9692 7736 9939 8002
