2849 5064 3189 6566
1250 9442 3316 9845
3280 5696 3524 6610
762 4407 781 5329
8768 1018 8914 6331
535 7145 741 9195
2792 3475 4305 4764
6753 4935 7052 5280
1243 1255 6009 1947
3316 9024 4090 9516
1820 2005 3594 2122
366 260 493 5496
4230 6819 4617 9839
7850 1374 8722 2273
5027 5836 5031 7632
9857 1552 9999 9793
3553 6816 3615 7872
371 5496 533 10000
910 1328 1243 1683
5767 9723 8257 9761
5310 7115 8910 7973
5387 5326 7032 6376
5020 8628 9158 9723
313 0 6519 260
6947 2753 8768 3812
2808 6657 3550 8394
4612 3265 4845 4647
5627 1947 6875 3097
6884 1855 7826 2753
9735 1018 9857 10000
7159 3812 8476 5925
916 260 7560 590
8476 3911 8766 6291
4619 4787 4842 9342
6519 144 7474 197
1484 1949 1820 9439
3623 5908 3897 8126
5625 5042 6746 5220
3941 6629 4143 8539
0 0 311 2591
7837 1018 8044 1319
4881 2000 5020 9845
7032 6144 8466 6355
2151 8798 3182 9439
493 261 908 4364
2682 4366 2792 8798
5021 1992 5204 5634
1820 2210 2007 9441
562 4364 753 6940
908 1683 1207 10000
6275 3097 6479 3975
916 590 6000 879
311 265 366 10000
9160 7970 9528 9642
0 6908 311 10000
5020 7973 9159 8628
3274 8550 4230 8834
916 879 5994 1221
5031 5634 5310 7961
1207 1949 1484 9442
771 7722 846 8743
4305 3448 4602 6777
8914 1018 9735 7970
4845 2870 4879 9043
5683 4017 7134 4925
6009 590 7560 1855
945 1221 5379 1255
1469 9845 9732 10000
3826 1953 4845 3251
5204 2162 5601 5326
2157 3750 2682 8761
7560 0 10000 1018
0 2591 311 6908
5310 6419 8886 7115
3587 4764 4301 5908
2007 2166 2151 9441
2230 2128 3823 3475
