4170 7845 9165 8345
3911 5491 4623 6227
6316 3274 6348 4003
108 2807 224 3271
1409 7410 2735 8680
1461 3051 4062 3401
98 3797 2706 4397
0 6661 438 10000
1158 5637 2245 5668
3362 5602 3707 8680
393 5353 527 6399
9583 7845 9914 10000
758 164 9298 357
3716 7117 4170 8902
527 5668 2735 6397
1388 1144 8403 1254
1049 7435 1409 9725
783 361 1312 859
4400 1717 5149 1866
2610 2658 10000 2918
8920 1609 9124 2267
8248 3950 8997 6417
6314 4479 7289 4958
555 5068 2379 5593
99 2334 9124 2482
5998 4958 7291 5742
3338 8902 4187 9220
1734 9220 7710 9582
6348 3049 7563 4310
9124 920 10000 2658
8124 3049 8248 6408
5410 421 9427 780
99 2111 8920 2266
4654 4772 5998 6505
3707 6511 7346 7108
7291 4310 7563 5745
2173 6440 2735 7402
206 2497 278 2749
4278 1446 8659 1539
3224 3797 4654 5491
9613 5148 9914 6342
4187 8700 6610 9144
7177 2586 7692 2592
460 1284 2652 1391
1411 8850 3313 9214
2735 5491 3362 8680
2340 6 9326 41
5149 1539 8920 2063
745 1502 3582 1962
3007 781 8380 954
7830 6417 8997 7327
6295 7329 9913 7845
8997 3049 9613 4463
8380 785 10000 919
7847 3077 8071 6401
9165 7846 9400 10000
278 2483 1322 3797
1052 6397 2173 7410
438 6399 1049 8317
7563 3049 7830 7108
4170 7135 6291 7833
0 4539 200 5457
8071 3049 8124 6401
1324 3401 4650 3790
9613 6342 9914 7327
2609 2918 9613 3049
0 2030 98 4539
4968 364 8910 421
2205 41 9882 160
3720 5817 3869 6480
1312 357 3007 939
9400 7850 9583 10000
5787 9623 7142 9829
1322 2482 5651 2658
4552 8345 7320 8560
2652 1266 9124 1395
0 165 460 2011
1581 8680 3716 8850
480 183 757 807
9914 2918 10000 10000
0 10 2205 164
6291 7108 7830 7329
7710 8474 8361 9997
8293 2542 9098 2605
99 2063 8919 2111
99 2266 7544 2334
871 1964 3248 2063
2421 9582 5647 9905
6388 4310 7289 4479
8436 3126 8872 3950
438 8317 905 8527
2706 3792 2860 4397
2721 4427 3224 5431
3109 357 3629 772
4175 547 5407 566
7544 2267 9124 2334
1329 2664 2609 2929
8998 4463 9613 7327
445 8541 545 9876
9613 2918 9914 5147
3308 1425 8235 1438
2860 3790 3224 4427
484 959 9124 1143
8361 8345 9165 10000
203 4397 2717 5068
4654 3049 6314 4772
7346 6835 7463 7022
545 8527 1047 10000
0 5457 393 6661
6002 5745 7563 6511
1051 9725 2170 9998
4102 3172 4630 3307
502 1397 7765 1424
5651 2482 7177 2658
9744 187 10000 785
