8682 2343 9411 8508
955 4053 1119 4861
5724 2122 5937 9594
8320 4913 8674 7033
8320 8650 9559 9242
5075 3138 5724 5863
254 6855 1062 7774
1596 741 2134 1634
0 9651 10000 10000
815 514 1596 2993
2226 7648 3565 7657
4308 9595 10000 9651
1411 3976 3115 4335
5865 492 6443 591
4999 640 5922 1895
5075 5863 5724 9594
2016 2921 4854 2982
6114 896 6637 1641
4124 3958 5075 9594
9559 136 9971 9482
1119 4597 3118 4923
1864 4923 4092 6297
1196 7657 4124 9639
6594 7624 8093 9595
218 3682 4971 3958
291 138 5409 502
7205 636 8091 3187
3981 1920 5701 2860
338 8341 1196 9634
7012 5948 7574 7393
9411 672 9524 4520
5937 1705 6594 9594
7574 3187 8092 7624
6637 1001 7205 5948
8408 2425 8676 2696
2277 702 3036 1594
59 3800 218 7605
8404 152 9308 2343
3640 517 4981 1632
1596 1634 3981 2921
8554 9242 9407 9589
0 7774 1103 7903
5233 627 7902 636
0 502 815 3682
1017 4932 1769 6089
8093 538 8299 8894
1062 6297 4079 7648
231 3958 921 6841
352 7903 1007 8334
2195 4335 4079 4551
244 0 9555 138
817 2993 5071 3682
