635 6204 1152 8292
9918 1748 10000 10000
9293 6109 9721 6929
4880 5642 7493 6544
210 1750 1566 2467
6732 604 7302 1506
6829 8407 7151 8796
5053 4909 5991 5457
5160 4451 5548 4681
8899 8612 9726 9407
7865 8513 9271 8549
1152 6342 1389 8735
3526 5313 3555 6047
4468 964 4786 1064
519 416 1484 522
4396 6544 8087 7125
6273 410 6452 1328
7620 7266 9589 8286
9589 7126 9913 8510
6223 1339 6411 5639
406 8147 598 8180
7170 8566 8899 9188
8350 5699 9030 6749
259 242 7790 249
3051 6116 4880 6417
210 259 3632 415
3555 5301 4746 6116
3662 249 9453 409
7123 2760 9453 2882
0 2479 421 5762
3612 8266 4199 9745
5059 3891 5835 4428
4571 2281 5064 2646
8087 6929 9570 7266
7574 948 9453 2290
2744 8004 7620 8262
1763 3141 2294 5376
6847 2884 7829 4298
6847 2290 9453 2760
9453 242 9652 4069
1896 6619 1939 6857
6985 4688 7317 4986
2758 7425 3248 7667
656 1096 1698 1118
8088 4207 8334 6633
1819 1124 6223 1341
406 8292 1122 10000
3191 5089 4406 5206
718 1509 5138 1510
212 33 3616 242
1579 2209 4571 2337
3057 8310 3612 9997
1122 8768 1415 10000
3167 5253 4424 5301
1748 5376 3525 6115
6411 1951 6847 5310
3815 7125 6711 8004
1139 2602 3577 3137
4082 0 9652 242
8955 4207 9067 4305
1608 3139 1763 5183
7493 4298 8088 6544
3248 7124 3815 7973
0 8129 406 10000
8421 4831 9372 5687
1415 9581 2360 9999
8455 4459 8833 4824
1347 6206 1727 6249
7463 9319 8595 9512
4740 3869 5053 5288
4205 8262 5015 10000
5017 8328 6468 10000
213 1341 5138 1509
5015 8286 9430 8327
2752 7124 3141 7236
9738 2561 9903 7044
4746 5457 6153 5642
8505 9529 9689 9606
9652 0 9918 2561
9413 4090 9725 5742
6451 1604 7055 1951
210 568 1234 930
5697 1345 5998 3183
3313 3502 5832 3869
5998 1491 6039 4589
6711 7199 7451 7870
638 5292 1746 6204
6468 9534 7861 10000
3632 2647 5069 2783
2401 8336 3057 9992
3577 2783 5138 3204
9921 0 9999 1737
6452 582 6650 857
5838 3515 5985 4613
1608 2337 4498 2602
7335 431 9118 948
5138 1341 5697 3204
4796 411 6273 1124
6039 1341 6223 5304
7910 9611 9876 9941
4611 1818 5028 2280
1746 6115 3051 6417
216 940 4468 1096
3807 6 4081 228
6516 5310 7482 5642
421 4081 1608 5292
3045 3368 3313 3862
1835 7196 2744 8296
210 1118 1819 1341
1389 6283 1692 8542
9054 5735 9293 6732
421 3872 1608 4081
1391 690 4651 940
7930 3258 9093 3613
3514 3204 5998 3502
6629 8801 7070 9452
7480 1164 7574 2045
7055 1590 7406 2181
2294 3369 3045 5376
1484 418 4796 690
210 1510 1543 1750
421 2467 1139 3872
2294 3137 3514 3368
1939 6417 4396 7124
8284 6830 8861 6923
1835 8296 2401 8531
7829 3613 9413 4207
1566 1510 4607 2209
1692 6423 1835 8542
1523 8542 2393 9577
0 5762 635 8129
0 0 210 2479
8409 2883 9153 3258
3045 3869 4740 5089
