4902 6420 5030 7357
3192 289 3883 775
925 8864 4759 9109
1574 9140 3973 9193
2018 5896 2559 6482
352 1312 1421 3506
1795 156 3192 824
5206 2655 5281 7142
0 0 1212 200
8492 9080 9829 9433
5613 7118 6349 8361
5473 5775 6350 7118
5177 800 5443 1534
1705 9616 2351 9955
7763 1948 9101 2431
925 8608 4759 8864
7504 5741 7826 8361
7382 5907 7504 8361
7180 3353 7309 5162
7260 2054 7721 2429
9254 7967 9829 9080
4784 3280 5147 6420
7849 25 9977 668
2528 7792 4683 8146
5473 2655 5846 4975
9233 834 9835 1900
6350 5543 6463 8361
1815 1203 2190 3316
606 4468 925 10000
3374 3185 3407 5998
566 1237 1432 1312
352 3506 606 10000
6283 2894 8234 3353
9037 7547 9254 9080
2286 6608 2610 7079
7309 3353 8032 4925
8826 795 9233 1589
4684 7426 4759 8103
983 3845 1398 4979
8032 3549 8759 4501
3407 3160 3963 6426
2566 5504 3344 6426
8759 3873 8939 4237
7416 4925 9036 5110
6793 3354 7180 6013
6054 2656 9790 2894
1819 824 5177 941
3384 191 5668 289
8759 3549 9829 3785
1515 156 1713 3527
1805 3352 2182 4224
2542 4742 3359 5503
2932 3180 3181 4620
5551 8480 6785 9114
6463 7390 7382 8361
39 202 124 10000
1864 4306 2128 5415
3057 2554 9834 2573
2838 2658 4493 3157
1049 5225 1429 5685
5327 2655 5473 7144
1968 9559 4967 9575
3973 9114 7898 9268
9038 3785 9254 7547
237 1228 352 10000
3895 336 5888 619
7180 5162 9038 5597
5443 795 8826 1589
1713 384 1783 3516
4800 2671 5194 3280
2901 9575 7897 9794
8234 2894 10000 3371
124 201 237 10000
4634 2655 4784 7374
2351 9813 7463 10000
1421 2000 1505 3420
9254 3791 9829 7967
1212 0 7848 156
4679 1910 9797 1938
2687 944 5165 1250
3977 1589 9231 1910
9829 3549 10000 10000
1429 3531 1785 5816
9110 1971 9780 2473
5552 5058 6784 5543
5601 4975 6486 5052
24 4188 38 6363
6793 6013 7382 7390
5846 3354 6793 4975
5281 2655 5327 7144
7899 5750 8492 10000
2190 2573 9810 2655
6463 5543 6793 7388
238 200 1515 1228
3898 673 10000 795
3963 3161 4516 5356
3975 1938 7260 2554
606 3506 983 4468
7826 5743 7899 8993
925 9268 7897 9559
925 5816 2003 7076
5551 8361 7826 8480
5924 161 7796 673
5123 7144 5610 7373
9835 1234 9966 2892
7267 2441 8936 2543
6785 8487 7820 9100
8032 4501 8962 4668
8492 5742 9037 9080
2190 1250 3975 2554
1946 7079 2528 8608
5147 3280 5206 7144
4070 1331 4849 1534
2685 7088 2718 7406
4759 7374 5551 9111
8496 9433 9658 10000
1088 7169 1734 7537
2128 4793 2539 5834
4241 5357 4516 7485
5473 5543 6349 5775
2643 8504 4618 8599
7187 5639 7430 5821
7634 5597 9038 5741
5846 2894 6283 3354
4115 5357 4237 7788
2718 6426 4115 7792
2191 2661 2838 4589
932 7577 1946 8605
8032 3371 10000 3549
4516 2656 4634 7792
2528 8146 4759 8504
1787 1591 1805 5779
2190 944 2687 1250
