5833 1338 5838 5895
3451 3455 3533 5585
231 5467 315 7832
3843 6874 5402 7432
4010 334 5188 427
3980 7927 6956 8060
7334 8263 8811 8723
1169 240 1903 527
6366 622 6571 1566
1502 7741 1822 7937
6133 9958 10000 10000
3390 7738 4844 7927
6956 7928 8704 8057
6802 1203 7563 1388
5227 8938 7619 8952
6591 4440 6715 7568
6812 1077 7359 1203
5697 322 7886 617
1373 7305 1743 7741
9195 2111 9479 4690
1708 1496 1725 3830
4113 238 7013 322
4333 9690 7576 9766
2179 9723 4296 9753
4107 3450 4289 5293
9044 6137 9664 6949
5229 8952 8801 9259
1015 8419 1493 9722
2339 3557 2453 9514
83 0 332 5466
765 1949 1037 2123
2421 1210 2589 2080
8904 6312 9044 7378
7743 4595 8631 6398
3390 7941 3878 8740
9857 4545 10000 7417
4437 754 4948 1871
5259 668 5624 3691
4242 8882 8304 8903
3496 9188 4303 9488
7563 822 7874 3378
9791 173 9939 3387
1362 7761 1494 8419
671 2889 1112 3582
372 7822 826 9722
6984 5357 7743 6112
8424 3075 8542 3770
3390 8740 8810 8881
5222 8109 5454 8403
3540 5293 4162 6710
8631 5366 8779 7649
2896 5652 3540 6711
3496 8937 5227 9182
3900 9488 7571 9512
2179 2485 2285 9491
9814 8765 9858 9568
6572 1388 7247 3808
3533 3457 4107 5285
7189 7066 7449 7108
886 4833 1285 4945
6143 9870 10000 9958
4672 7433 5033 7471
5390 3691 5650 5446
5406 5499 5635 7849
2260 9514 4254 9723
9072 1991 9169 3822
1901 8267 2179 9240
467 4833 848 7822
1363 5221 1373 7761
4660 1871 4999 4798
1733 527 1856 4318
2701 7374 3390 8940
2 1250 82 5470
4333 9870 6133 10000
848 6383 1015 9721
3073 1291 3780 1921
5595 8071 7109 8714
7247 1394 7426 5253
1960 2484 2144 4821
2454 8951 3496 9514
4500 445 4997 752
1365 51 7810 233
4320 9182 4978 9488
6774 6236 7189 7772
3659 471 4102 1291
8456 6762 8625 7819
1901 5168 2179 8267
3073 1923 4295 3450
1549 1401 1601 3040
9500 960 9561 5207
5701 617 5733 5343
2519 6869 3843 7374
332 0 1037 1207
5312 3691 5383 6872
2285 2417 2339 9514
2898 3457 3449 5652
5838 620 6257 6935
4254 9512 7562 9690
332 3055 467 7822
6596 3822 6703 4320
2454 3923 2514 7660
699 1511 728 2095
3850 1384 4417 1923
8822 9665 9438 9704
645 2160 1377 2889
2340 3112 2898 3557
7285 6398 8430 7065
7576 9489 8811 9870
7895 15 8183 2697
5650 1049 5701 6681
332 1207 644 3055
8827 1672 8885 9571
1933 234 2421 2417
6257 2346 6329 5042
0 5470 161 9983
1494 7937 1901 9240
4333 9766 7576 9870
1856 527 1933 5168
3390 8908 8809 8937
894 4993 996 6383
2453 7930 2701 8951
1015 4945 1362 8418
8641 0 9500 1672
2589 1210 3073 3112
2421 244 3644 982
6329 1566 6571 7849
5738 617 5833 6928
119 9983 4168 10000
8885 7880 9814 9568
4295 1926 4660 4800
4978 9259 8811 9488
4124 620 4435 1384
7426 3390 7550 5139
6793 3811 7099 4044
1126 2903 1244 3609
1495 9240 2179 9983
4176 5358 5283 5576
1822 5179 1901 7936
1377 2112 1530 7305
467 3609 1377 4833
9301 6949 9679 7880
196 5466 207 7752
9438 9568 10000 9870
162 9722 1495 9983
8904 5220 9476 6137
1731 2695 1733 4177
5225 332 5259 4750
1266 539 1546 2112
2195 9502 2260 9709
7679 8213 8550 8260
3564 4 5922 51
2489 7770 2618 7930
2469 3569 2898 3917
2514 3917 2896 6702
2433 2384 2552 2591
8915 1675 8940 4431
7213 7137 8443 7805
826 8015 846 9555
4289 4800 4997 5358
1694 4702 1813 7305
4162 5576 5312 6874
5567 7849 8704 7923
6789 4795 7241 5061
1037 90 1141 1870
161 7832 372 9722
2180 9753 4333 9983
8811 3254 8826 9644
2547 982 3659 1210
1602 530 1694 7305
4999 441 5225 5335
1143 728 1247 1920
7944 2697 8412 4001
6754 4087 7152 4784
3878 8060 5222 8736
5635 6935 6329 7849
7684 4001 8811 4595
9582 138 9761 5625
8183 0 8639 2394
1530 3141 1602 7305
2543 6711 4079 6869
4260 7539 5406 7738
