6959 5301 7375 5634
7878 2884 8031 3692
8703 7995 10000 9785
1583 8981 7885 9074
1399 5945 1743 6855
1743 5945 2243 7233
3284 8064 4912 8147
6554 6557 7941 8351
6571 5634 7941 6557
4764 5147 5252 7856
4482 4440 6144 5146
2706 6453 4107 6735
5736 141 8394 629
1647 1328 4557 1575
1180 1732 3586 2164
6652 1470 6786 5326
8420 1028 8597 8610
8779 1066 9261 1873
4011 173 5556 627
7375 5274 7987 5629
7139 2885 7711 5273
5258 5982 5802 8272
1003 6640 1035 9817
9444 417 9786 1865
9164 2283 9305 5539
1502 2427 2518 5337
162 4336 1124 5148
9640 4976 9997 7995
2153 9228 4763 9605
7711 3692 8420 5011
2519 4269 4379 5351
0 9817 8865 10000
9589 2374 9983 4976
7987 5011 8420 9817
4818 1293 6263 2337
6263 1294 6554 8351
2238 9609 4955 9728
1124 2164 1290 7187
1577 9075 7217 9220
1234 141 2631 738
2243 6735 4764 7804
9374 2897 9578 7819
1656 5902 4693 5945
0 0 10000 141
1623 7233 2240 8151
9030 2128 9163 7106
2632 633 8412 1287
2272 7804 4666 8054
5879 7601 5970 8322
1484 8356 4454 8637
1664 8649 4466 8980
1463 8151 5258 8338
4499 2337 5563 4081
8865 9785 10000 10000
5330 5433 6157 5938
2920 3542 4478 4263
1035 7891 1463 9817
5923 9291 7941 9347
0 5148 1124 5807
4466 8351 7941 8981
1290 5452 4764 5825
0 6361 1003 9817
6186 2338 6263 7617
2920 5841 4091 5892
4522 4091 6178 4357
1112 894 2038 1312
7160 1363 8321 2884
8597 7261 9373 7914
1038 7187 1623 7890
5563 3558 5609 3907
1488 8697 1572 9698
0 141 1112 4336
8412 221 9438 1026
7941 5629 7987 9817
8618 2435 9020 7219
8420 8610 8703 9817
1119 1390 1425 1728
2716 2639 4497 3540
6800 2299 6959 5473
6959 1287 7139 5301
5390 9376 7935 9817
0 5807 1124 6361
2736 228 4011 633
3597 1575 4677 2204
