3307 7897 3401 9322
1522 3727 2261 5410
6630 7634 7051 8584
1773 5411 2020 9770
3115 1603 3472 7606
4417 6947 5507 7370
3124 625 3463 1603
1141 15 5085 132
2740 8503 3179 8585
0 132 2877 395
6427 4848 6967 6310
8486 7907 9297 7998
4402 7370 5507 8254
1658 701 2404 977
346 1135 1098 3450
7222 729 7429 1592
4723 2328 5439 4181
4441 4631 4584 6891
4549 9585 5850 10000
1098 396 1184 8981
7481 374 7754 2077
1184 5410 1616 9456
3860 132 3950 9812
1616 6208 1767 9326
5850 9540 10000 10000
371 4296 998 4371
7754 356 8106 2166
9367 4029 9899 5016
2316 3727 3105 8181
3472 132 3655 9812
8045 3803 8298 9122
5607 1800 6315 2160
5574 2284 5819 6194
6614 3429 9371 3646
5507 1746 5561 8250
496 4390 1064 9454
77 395 1096 1104
3205 7606 3453 7782
6199 3646 9704 3803
3105 967 3115 6328
4405 8584 7412 9198
5085 0 9704 304
5819 3195 6199 4114
1184 508 3415 623
4584 4181 5506 6947
4739 392 6192 1746
356 7178 459 9299
7238 3803 8041 6320
6218 6507 7411 7632
8109 304 9703 614
8298 3803 9346 7907
9174 8302 10000 9387
5819 4114 7238 4780
5860 4780 6355 6276
7734 9402 9833 9501
4402 8254 6630 8584
7412 6396 8043 9163
3962 2953 4402 9813
7138 7632 7412 8566
9346 5016 10000 8290
6540 3234 9278 3403
5989 6551 6124 7909
3962 133 4288 2953
8310 8016 9166 9162
6337 448 7221 1064
2020 8597 3205 9813
4288 134 4417 2132
5561 6347 5955 7969
4403 9243 7323 9540
2545 623 3095 1808
1184 2725 3027 3727
9708 0 9848 700
4402 2906 4416 7105
7323 9260 8350 9374
3950 182 3962 9745
2023 5969 2247 8597
461 8036 463 9904
3655 133 3860 9812
1184 1808 3049 2725
463 9456 1769 10000
6192 659 6253 1308
9438 700 9849 3646
8106 614 9384 1488
2262 4850 2316 6220
4956 312 7105 390
356 4765 493 7178
39 2980 145 9872
4802 1821 5294 2287
3205 7782 3260 9440
9849 0 10000 3942
2480 8181 3133 8401
3453 7734 3472 9246
4418 134 4723 4178
1769 9813 4549 10000
2882 203 3443 484
145 1266 346 9964
1184 977 2525 1806
8943 1488 9438 3215
1403 4001 1460 5301
4403 9198 9174 9243
6426 1143 7217 1828
351 3450 952 4296
6094 2166 8943 3195
