9332 5224 9374 5807
8121 7292 8149 9203
1311 2151 4572 2261
0 283 7949 466
6528 4456 6659 4988
8149 5522 8607 9536
1311 933 2152 2079
9258 5808 9632 6819
6217 9537 9653 9882
4572 2151 4698 4115
7949 0 9418 2085
7696 496 7949 2078
410 3423 1714 4671
39 6988 248 9639
3301 492 4877 1504
5670 6229 5759 8302
4878 492 5403 2194
2113 5286 3461 6118
4173 4916 4873 6727
8607 7364 9570 9144
5759 6229 6225 8401
2889 6484 2996 7055
3089 100 3883 167
410 2262 3331 3417
1714 3974 1812 5388
0 4671 1714 5388
0 2269 410 4671
1178 8002 1230 8290
5656 4452 6240 6229
1153 8316 1981 9773
2996 6727 4872 7091
6240 4988 6795 8861
7546 3389 7853 8266
141 9781 3651 10000
7419 6752 7546 7188
5423 1704 6659 4452
2499 3423 3128 5285
0 0 3089 283
990 7401 1202 7665
7853 4075 7951 8082
4 466 5849 467
667 3417 3141 3423
3011 7790 4862 9563
8314 3389 8602 5522
9653 7542 9683 9821
0 492 2799 933
4873 3993 5422 9605
9015 7328 9692 7352
5658 1605 7696 1704
2743 6524 2850 7749
2745 7802 3011 9146
1812 3423 2499 5286
6659 1706 6997 4988
8623 9230 9249 9536
0 5388 2113 6187
8613 3973 9150 6981
6926 6752 7270 9537
296 6700 988 9781
7966 3389 8104 7391
4698 2194 5423 3993
2825 1504 4844 1582
3128 4122 3473 5286
1235 6484 1981 8222
3331 2261 4572 4121
6997 3389 7546 6752
2170 937 3285 1497
6322 8861 6606 9326
5487 8076 5618 9426
5436 4663 5656 8016
6826 4992 6926 9536
6999 2672 9692 3389
3651 9563 4671 9990
9882 2106 10000 9927
2152 1582 4877 2079
9692 2246 9882 9882
361 6619 1079 6700
323 467 7949 492
2870 7091 4867 7790
1981 6485 2743 9781
5660 8451 6217 9882
7270 7188 7432 9536
0 933 1311 2262
5403 493 7696 1604
0 6187 4173 6484
6997 2090 9692 2672
2799 492 3301 937
4747 9605 5654 9869
3473 4121 4873 4913
3792 4913 4148 5607
4671 9882 9882 10000
7432 8266 8121 9537
1311 2079 4878 2151
9418 0 10000 2090
8694 3471 9530 3954
6795 5385 6826 9536
