6058 4461 6118 6793
6065 6838 9043 7421
9612 0 9826 1196
4557 9498 10000 9878
7240 0 7893 2821
1683 7946 3863 8192
3963 663 4842 1520
1916 7080 2289 7909
5172 137 5388 3753
8256 17 8746 4033
3410 9298 10000 9498
728 9010 1802 9237
5580 2797 6351 3113
9713 2096 10000 7421
4742 4992 6058 7426
4434 7426 10000 7590
8989 3358 9036 6785
2597 7610 2955 7641
7949 25 8250 4058
1802 8906 5637 9254
1704 137 1913 7943
454 9529 4557 10000
888 0 6078 137
9812 1479 9873 2096
2711 4263 5833 4713
2993 2490 4117 2752
8749 0 8962 6838
6580 0 7210 2988
518 3618 1534 3706
4557 9878 10000 9996
7590 2821 7907 3114
8052 4251 8746 6835
3927 7924 10000 8436
920 432 1489 1751
5637 8918 5945 9260
6118 4252 8052 6838
1913 4243 2699 6547
5618 3160 7873 4053
3624 4992 4642 7090
2485 634 3963 2490
2289 7133 4434 7520
2475 159 5129 634
827 8192 3927 8436
1931 2769 5140 3515
1914 6547 3624 7080
2955 7590 10000 7924
4670 4058 8749 4251
1916 138 2466 2680
8967 580 9049 2012
827 3710 1534 8190
620 3706 827 8448
4642 4993 4742 7419
94 9696 454 9903
0 0 72 10000
508 1751 1534 3618
626 8448 10000 8588
9453 0 9587 7123
2699 4713 6058 4992
9069 34 9428 3196
73 9254 3410 9529
9043 3196 9453 7422
2727 7090 4582 7132
1270 8436 10000 8448
73 1750 508 3706
5449 1155 6580 2797
1534 137 1681 8174
6185 122 6575 1155
73 3706 620 9252
72 0 888 1750
4151 1564 5066 2653
1681 139 1704 7931
5945 8592 10000 9298
8962 2035 9034 2773
9587 1583 9713 7334
1914 3515 5172 3749
2753 5133 3546 6538
5456 137 6013 1124
1914 3749 4670 4243
620 8588 5943 8906
