584 0 8160 127
6484 6039 7358 6628
1276 6734 2505 6979
87 2390 2419 3124
557 4027 827 4954
4506 2484 4591 6650
1228 5512 2529 6734
5943 7621 7686 7982
3117 7049 3721 7423
1930 9711 10000 10000
9299 4239 9373 9578
1229 6979 2529 7402
9264 2698 10000 4239
4962 9582 10000 9711
1240 7402 2505 7865
6574 5057 6622 5864
4160 5146 4300 6959
2848 9293 4962 9711
1930 8781 2848 9711
510 5113 2306 5512
3117 2484 3555 7049
8047 4766 8470 6255
3310 492 3325 654
4905 2484 5739 4177
9376 5596 9700 9582
4991 9297 8641 9582
7373 4475 8047 7293
8183 26 9940 679
3867 8009 5448 8248
89 0 537 374
3555 4025 4160 7048
1101 8733 8165 8781
4592 6025 6484 6653
1371 278 7226 330
3721 7297 8513 7552
2529 2368 3038 8733
5739 2634 6936 4177
3117 1839 9151 2484
3348 8869 6894 8999
3553 385 4231 387
0 8781 1930 10000
3405 8402 6284 8727
8854 2698 9264 4861
4620 2489 4893 3472
3325 387 4399 1611
9154 679 10000 2698
107 1927 2932 2368
3555 2484 4314 4025
2989 9009 8030 9293
1615 332 2804 1602
6599 4217 6911 4925
4949 566 6555 575
5189 402 7096 562
844 3883 2395 5075
2834 793 2998 1526
7824 7958 8630 8679
8852 4861 9299 9581
0 4493 491 7865
4604 768 5033 1584
4314 2484 4506 7048
5832 2490 6579 2634
3798 7048 4501 7292
5725 1805 9070 1839
12 3140 2265 3881
5448 7982 7153 8202
262 3966 557 4493
5738 825 8440 925
929 330 1607 1257
6625 5174 7373 5743
295 396 929 961
4592 3472 4905 4169
3157 7423 3697 8402
6936 2484 7373 5174
3753 7053 3793 7289
8641 2484 8852 9582
8513 5041 8641 7929
4592 4177 6574 6025
3038 1839 3117 8733
7399 2655 7730 4475
1197 131 8183 276
0 1611 5033 1839
0 7865 2527 8733
3754 7552 5546 7967
4402 331 4594 1604
9382 4239 10000 5596
6626 5743 7146 5981
5033 925 9154 1805
4594 674 7516 768
491 5512 1228 7865
7732 2484 8641 4212
8142 4219 8636 4588
9701 5596 10000 9582
4506 6653 7372 7297
