1449 4348 3250 4448
4639 6982 8230 7194
8645 4751 8664 7028
167 5103 3295 5206
8875 6585 9696 8700
838 6338 1336 8057
1 2680 27 8107
6464 8873 7417 9094
7158 344 9151 533
178 5206 3915 5543
5186 5013 6448 5970
1733 4450 3490 4664
8074 8787 9659 8869
9649 3701 9855 6324
5668 928 8009 1431
8247 2095 8460 4615
1573 8494 8679 8558
519 1049 3887 1452
3915 5222 4105 5715
5184 4722 7650 5013
5213 9623 6418 9821
9663 2517 9840 3209
3573 1865 4107 4695
2549 8585 8676 8700
2607 941 5465 953
5555 6611 5996 6982
7282 7236 8603 7580
1722 1865 3514 3412
8878 1235 9151 1323
6343 1982 6888 2986
8230 4659 8320 7232
4030 8063 6061 8494
2126 647 7625 682
513 1452 5258 1684
2128 0 3173 611
6887 9708 9991 9926
1295 8558 2549 8971
633 2199 1722 4274
2549 8743 6324 9168
5157 9258 10000 9546
7020 5013 8228 6195
5996 6195 8229 6982
8747 3251 9649 4856
4008 8245 4021 8336
20 1057 513 1493
8281 1388 8373 2095
494 0 2126 1049
3887 953 5668 1405
0 8492 1295 9989
5188 9546 8440 9591
1999 7859 6721 8021
28 1866 1566 2199
1418 8054 6084 8055
2735 3522 3573 4200
1516 4719 2704 4762
6061 8104 8423 8342
7664 3917 8229 5013
4179 1791 4513 6036
4513 5042 4770 5782
170 6241 838 8400
3983 2 9151 228
6894 1987 8221 2998
248 6 494 828
3987 228 7158 647
2378 5543 3236 7325
6733 4248 7664 4722
9855 0 10000 8866
0 1684 8106 1780
6763 7534 7095 8003
4513 1826 5009 3580
1932 7622 6758 7749
8669 5686 9619 6033
8009 545 8862 1086
9696 6324 9854 8869
8320 4631 8645 7236
5182 3137 8247 3457
194 2251 633 3673
5 8400 3266 8489
1744 3413 2429 4256
1997 7379 2987 7622
2216 9298 2423 9418
5143 2350 5182 6982
5891 3041 8052 3131
4837 5380 5035 6496
8222 1572 8247 3019
1573 6309 1932 8021
8460 1086 8747 4631
3648 4695 4106 5087
5186 3910 7661 4248
8747 2446 9663 3251
2018 5972 2376 7028
3173 0 3976 584
5184 4248 6733 4722
5035 1810 5141 6982
193 5543 1953 6240
8873 6064 9631 6585
8664 4856 9591 5683
2589 8560 8486 8585
170 4274 1449 4892
5550 1929 6343 2714
6912 5168 7020 6176
5185 3457 8247 3910
4645 7195 7178 7499
5258 1431 8222 1684
5165 9926 9344 10000
8680 8375 8812 8700
4535 3762 4979 4952
2126 682 8009 928
7361 7580 8505 8102
7178 7384 7281 8104
860 8063 4004 8400
8689 6268 8869 7451
168 4892 3033 5103
2280 9168 10000 9258
7417 8869 10000 9168
2871 9260 5157 10000
7278 243 8275 304
5401 1806 6914 1914
4580 3654 5031 3701
2694 9363 2871 9878
4107 1849 4179 7622
2549 8700 9689 8743
37 2707 167 8328
8603 7474 8875 8371
3976 5972 4018 7606
1295 8971 2216 10000
3309 5981 3619 6644
3514 1865 3562 3042
4179 6036 4639 7622
1399 6241 1573 7960
6077 8351 8600 8483
8747 1927 9855 2446
5232 2905 5882 3137
1932 7749 6180 7859
9151 0 9855 1927
2460 3412 2735 4346
6324 8743 8074 8869
9731 3420 9809 3701
0 1829 4107 1865
