2458 1110 2765 5182
5903 6259 7416 7074
5457 70 6096 1292
4050 2456 7018 3073
5014 4747 6323 5598
670 7457 1221 7497
5951 7162 6184 7844
8340 2323 9119 5604
4710 8956 8514 10000
134 7452 533 8952
382 2141 449 5666
0 8956 2969 9783
6097 165 6729 1375
1628 1153 1687 1849
0 9783 4655 9999
7129 0 8302 1303
2986 9135 4710 9713
5389 6264 5857 7876
1578 2056 1731 2485
9458 0 10000 4415
5861 7956 9713 8053
382 5866 9436 6116
22 3884 81 8117
5384 8730 8365 8871
2765 1102 5092 2061
5201 1384 6503 2451
81 1153 382 6322
477 3977 755 5607
6503 1976 7046 2456
6729 2 7129 1976
8514 8707 9902 10000
7018 2920 8003 5644
1174 6261 5385 7065
8303 0 9119 2323
7131 1303 8303 2920
9904 4415 10000 10000
8003 2920 8340 5645
5845 8053 9716 8699
2446 1 6091 67
8989 6116 9541 7221
4934 3073 6939 4699
533 8466 5362 8956
6189 7221 9716 7956
7416 6117 8989 7221
2446 83 5457 1102
2644 7491 5389 8466
2969 8956 4280 9135
4437 3485 4934 4779
751 6147 7376 6259
1549 4180 2347 5562
559 7522 2644 8408
9451 2354 9458 4650
87 6322 1174 7452
449 5645 9376 5866
799 1533 1372 4592
1733 1151 2023 4180
3251 2061 4050 5612
4066 3406 4416 5036
0 0 2031 1151
9541 4426 9716 7088
2766 2315 3251 5578
6970 5068 7018 5244
5393 7942 5845 8730
9716 4438 9904 8707
1221 7065 5386 7491
9119 0 9451 5645
2031 17 2446 4180
