651 2710 926 3173
3902 911 4271 1727
2202 114 2794 117
9569 572 9622 9725
7699 2309 7885 2441
1156 3258 3214 3721
485 6071 2716 6553
9278 9725 9992 10000
2717 5335 3307 6547
6361 703 8067 857
4301 355 5040 751
6164 1430 6220 1949
3750 646 3753 1084
4126 8005 5635 8576
531 2068 5632 2283
6376 1910 6493 5229
7845 9267 9500 9501
4467 8677 8001 8887
1610 8446 2275 9529
5635 698 5742 8676
8527 3038 8850 4215
6295 6573 7415 7934
3320 4727 4326 6238
489 1608 3777 2067
5742 1021 5887 7943
7151 867 7261 5614
1048 7111 3529 7565
7765 2761 7949 6551
4300 779 5607 1956
4442 9504 7680 10000
7949 2835 8481 6548
6230 700 6352 6096
7680 9511 9278 10000
8068 708 8930 2821
3655 6259 4014 6580
3214 3042 4456 4722
2997 2842 3945 3042
8547 4959 9533 9267
4028 6590 4126 8371
0 1549 485 6491
5887 698 6156 7833
5768 7966 8462 8412
6493 858 7151 5862
853 7182 1048 9591
3047 3889 3153 4487
685 5062 2717 6071
1212 7570 1289 9385
9190 563 9569 4959
9533 5573 9569 9704
7936 6551 8547 7065
557 38 2054 97
4454 8887 8463 9265
4326 4927 4771 8005
307 118 2653 207
4 6553 3601 7109
927 4427 3047 5062
1766 981 2661 998
2308 8209 2971 9235
9622 3933 10000 9725
7413 0 8956 354
8463 7226 8522 8895
3601 6668 4006 8574
3232 2699 4200 2792
982 2283 5635 2355
9752 2311 9918 3933
0 998 3750 1549
7681 4015 7756 6621
4443 4755 4879 4856
3601 8576 4442 10000
4787 5074 5617 7239
7261 1054 7318 5481
7415 7208 8448 7966
3952 1956 5564 2065
3011 2374 4540 2691
493 3725 3047 4427
8481 4377 9134 4959
7320 858 7669 4921
0 914 3750 973
561 232 2820 317
4540 2355 5632 4755
3829 341 4300 899
684 4603 927 4639
9424 13 9892 563
8956 81 9190 4377
5121 7355 5433 7961
0 7109 853 9591
6352 5864 7649 6573
531 4849 685 5991
0 327 3750 914
4599 9385 7809 9504
758 9591 2951 10000
2820 0 7413 327
6135 9312 7743 9380
948 2383 2997 3258
3774 340 3829 1332
4777 7341 5060 7910
6164 2170 6224 7960
6732 8412 8462 8676
5041 354 8874 698
2971 7565 3601 10000
