7705 5954 8168 9470
4071 6378 5018 6548
4137 4630 5356 5726
1242 5966 5385 6218
4856 8198 5868 8489
7185 598 9373 1173
5715 2859 7420 3378
9034 1198 9377 4967
6443 1204 6603 1295
2534 2517 4011 2832
5877 7389 7705 8326
7754 0 9371 286
5717 2779 7418 2859
0 1675 105 8242
8555 1176 8611 2719
8671 6916 8689 7557
2904 6638 3394 6939
5645 6638 5877 8198
185 292 2566 406
5647 6175 7174 6635
0 406 2686 455
800 7486 3946 7876
5101 9869 6941 9946
7222 4329 7708 4349
5673 4630 6646 5105
5356 4630 5670 5453
8269 9169 8664 9303
9378 1356 10000 3587
200 8490 1461 8850
8363 5938 8651 7621
1592 457 7185 706
9412 9203 9646 9270
8168 9323 9070 9453
6191 1694 8199 2094
7984 2801 8084 3498
1320 2517 2534 3205
9693 4705 9806 10000
355 1072 6915 1197
5446 9471 9254 9847
7055 3499 9010 3995
4019 2094 8199 2330
106 4902 1909 5295
3166 9466 5101 9960
6925 1173 8199 1694
5686 2330 6147 2776
1726 8490 2500 9816
105 7758 758 8360
5879 6635 7705 7389
2380 1754 6191 2094
4860 1297 6925 1674
1355 2095 4011 2517
1358 1675 2377 2095
3613 9258 4675 9364
7193 4349 7704 6570
2938 3620 4056 3867
0 8360 4856 8489
2581 2833 4725 2914
0 1424 4860 1674
1242 5726 5392 5966
9588 4712 9693 7395
0 455 1592 706
3075 8893 3305 8958
3163 4629 3685 5296
3063 9153 3396 9457
137 4250 1909 4902
1287 7020 3866 7473
9377 3587 9806 4705
8217 3995 8544 4182
4769 7920 5644 8192
2718 3120 4056 3620
393 8850 1199 9952
5718 3420 7055 3867
1219 3681 2938 3838
768 7914 4769 8359
145 4005 4010 4113
1695 3205 2718 3681
1276 8911 1457 9852
1483 8501 1726 9862
3166 4554 6314 4629
7704 4848 8148 5954
9912 3587 10000 10000
6614 8938 7692 9249
7708 4140 8144 4848
7258 9872 8775 9931
1204 4158 3570 4230
8199 1184 8555 3498
6652 4624 7193 6175
0 706 4176 803
343 2234 1320 3212
9073 4973 9539 6097
1909 4316 3163 5295
0 8865 270 9960
5144 802 7173 1048
4011 2350 5686 2833
2686 316 8154 457
9012 1874 9034 5688
4269 7879 5270 7914
4010 4005 8215 4139
6255 9357 7565 9470
1232 3327 1695 3592
7175 6572 7528 6600
4972 4139 7708 4329
2843 6218 5062 6370
4176 708 7179 802
5351 9249 5446 9846
106 3838 2938 3867
3685 4629 4137 5726
5670 5105 6652 6164
8154 316 9376 598
2596 0 7754 285
0 1265 4860 1424
7902 2365 8133 2798
2566 286 9370 316
106 1753 343 3198
8611 1176 9012 3499
5891 8326 7705 8489
4056 2917 4731 3867
4731 2833 5715 3867
795 6008 903 7485
8168 5963 8357 9168
2377 1674 6187 1754
2742 8758 7701 8880
597 4163 1109 4210
7185 464 7939 598
6342 4555 7193 4624
2141 4232 4972 4316
942 5713 3578 5726
2500 8815 2742 9816
9806 3587 9912 10000
8148 4182 9012 5938
6147 2332 7901 2779
106 3212 1219 3838
5114 6218 5378 7335
1275 6280 2293 6881
7420 2779 7646 3499
4274 2332 5194 2350
98 9960 8854 9991
7653 2824 7983 3498
0 1197 6419 1265
912 5803 1242 7486
313 9026 377 9960
106 3867 7055 4005
3184 4329 7193 4554
5726 3378 7397 3420
106 5296 777 7758
0 804 5123 1068
2535 2914 4056 3120
5392 5453 5645 7920
8357 7667 9693 9167
777 5296 3672 5713
132 22 2596 232
343 1675 1355 2234
8689 6097 9475 7667
2936 6553 4865 6601
1747 4115 3323 4152
1965 9816 3166 9960
9378 0 10000 1356
2500 8489 7705 8758
3946 6601 5114 7863
3563 8880 6347 9097
