8589 0 9318 5992
9870 112 9950 5477
1127 707 1232 6776
9920 5694 9997 9471
3975 3827 5827 5260
3694 2743 3842 8630
6970 5858 8156 7359
3540 2743 3694 8471
2415 2768 3419 3563
894 0 7405 707
5389 8654 5850 9781
6532 2125 7357 2434
0 0 42 10000
1274 4221 1467 6692
7683 2180 8364 2387
5987 2439 8482 3336
3842 8051 6380 8359
6277 5811 6969 7317
1127 8366 2828 10000
1567 788 3302 861
3113 8634 5389 9816
5463 8383 9920 8654
2765 1815 5587 2652
1846 2647 2140 8366
1232 861 2765 2647
2140 3563 2828 8366
9641 0 9870 8054
5867 3799 8487 4513
9318 0 9641 8054
42 0 894 463
4122 749 5832 1799
9950 1590 9994 5567
872 707 1127 10000
8235 5240 8487 7250
2792 861 4122 1686
8487 0 8589 8054
5850 8656 9920 9556
1467 4468 1846 6510
3842 3403 7620 3799
42 4489 343 10000
840 841 872 10000
2093 707 6831 749
1242 2647 1525 4221
1127 6776 1846 8366
729 5638 807 9503
343 4489 729 10000
3912 5820 6144 7385
6148 5914 6254 7341
3845 7396 8399 8051
3112 3563 3540 8634
2190 2652 5590 2743
2828 3563 3112 10000
5886 9556 10000 9999
6380 8054 9920 8383
3843 5263 8235 5804
1636 2873 1812 4429
5591 2190 5987 3348
8660 5992 9188 8036
3958 9816 5886 9983
42 463 840 4489
3867 8377 5463 8634
5832 754 7212 887
5922 888 7405 2121
7405 0 8487 2180
5430 3348 7305 3395
5879 4528 8458 5238
