7384 6012 8250 7114
710 2910 1406 4495
3540 4180 4852 4994
0 9845 3016 10000
4111 2388 4791 2671
251 7809 373 8413
654 935 1594 1094
0 8503 6867 8504
5294 3564 6053 3961
1789 3819 2364 4887
606 4523 660 7073
9200 16 9953 2576
6160 3775 7648 3963
664 4594 1159 8236
8255 6309 8451 6685
2364 3472 4214 4180
1180 7613 2383 7841
1271 5973 1460 7015
5967 227 7489 411
4114 6283 7384 7118
94 1585 113 8503
8820 4229 9939 4499
4173 1221 4293 2257
6858 9382 8610 9797
5062 2628 5181 3523
2130 193 9195 208
3076 7505 3328 7601
1406 3052 1675 5305
0 1148 3189 1378
6 1911 94 8221
1159 5537 5379 5706
5713 1941 7864 2204
8678 2727 9968 3720
4450 1148 9171 1456
0 9158 9007 9382
5381 4521 6044 6283
4633 8948 9526 9158
3619 1504 3730 2831
8400 7638 9526 8948
3016 9845 10000 10000
6892 5498 8498 6012
53 9789 4930 9845
1162 8442 5798 8463
7864 1887 9200 2540
113 1585 570 2453
3671 7486 7105 7545
9007 9224 10000 9797
1732 8826 5565 8928
1159 5706 5381 5903
1460 5905 2525 7613
3470 5903 5381 6283
6557 3649 7917 3755
7648 3755 10000 4179
9524 5710 9545 6842
5631 416 7315 1148
0 8684 8378 8823
6044 4522 6170 6283
1159 7842 4024 8236
4877 3644 5281 4214
2926 9382 5133 9425
2450 1380 3619 3472
8500 5562 8582 5812
570 1585 2450 2375
4024 7837 8302 8229
6839 2686 7032 2732
3704 7550 8319 7714
8498 5879 8730 6973
6745 5233 10000 5494
8406 7486 9546 7638
6170 4522 10000 5233
2331 8934 4633 9158
7523 664 9196 1148
3257 4204 3540 4994
6298 3422 7781 3598
2383 7716 6772 7726
5281 3968 7499 4179
8730 5494 9317 7118
0 1378 2441 1585
6599 2210 7751 2528
880 8871 1669 8944
5281 4179 8820 4263
6272 2619 7464 2625
3267 7157 9547 7486
3469 6283 4114 7115
3266 7118 9316 7157
2525 5903 3259 7505
8610 9382 9007 9797
6143 3174 7642 3256
5674 2204 6471 2507
9317 5494 9524 7157
399 7506 652 8234
0 8504 8400 8684
6177 5766 6892 6283
234 8835 738 8942
5935 8823 8384 8946
6170 5233 6745 5762
1189 9443 6858 9772
4852 4263 8820 4521
113 2453 606 7486
11 8949 2109 9138
5643 2732 8678 3138
1069 2375 2282 2781
3189 1150 4173 1374
7691 350 9071 581
2370 4181 3226 4935
464 0 1780 935
3259 5903 3469 7116
9526 7881 10000 9224
0 0 464 1147
4930 9797 10000 9845
416 8236 8340 8442
2385 7727 6119 7834
1780 208 5631 1148
1675 4994 5381 5537
5200 1955 5530 3249
4584 1546 8714 1835
1682 2883 2294 3813
9547 5494 10000 7881
4214 2916 4813 4095
