7801 0 7995 1854
5302 7424 6983 7792
2181 3172 3024 4839
1313 4451 1710 8276
5318 1135 7016 1183
3506 3170 3717 5225
4992 162 5697 589
2761 5225 6464 5277
6417 8124 6458 8618
943 9734 4069 9937
878 1038 3808 1172
4159 6886 5316 7042
5616 1686 7628 1863
1370 1173 1497 1897
5188 2102 7737 2234
4231 8439 5389 8797
708 1272 1296 1622
9808 1195 9971 1251
2979 5278 3705 5350
3851 1088 7422 1130
5150 5899 5166 5901
7022 8767 7689 9702
4525 6137 6107 6886
0 4448 1313 5432
7003 5161 7615 5352
3024 3172 3506 5223
8818 173 10000 1195
0 9937 4252 9997
2057 7558 2542 8276
1861 763 5074 788
2753 5350 4400 5799
2549 7717 3386 8268
0 936 5513 975
6758 7849 8251 8006
3686 5829 4525 6465
4160 4157 6786 4176
6448 4280 6986 4551
6644 8936 6990 9761
5298 7260 6023 7424
5943 5281 6410 5904
4419 8797 6121 8846
7995 0 8818 2079
61 1183 926 1249
3686 6641 3957 6941
969 6587 1290 8068
7652 5600 9299 6095
4886 5277 5943 5758
0 83 4017 400
7516 7629 9299 7719
1419 8853 1798 9245
4235 1869 4595 3269
372 6821 515 8456
1803 8854 5676 8903
6648 0 7768 201
4020 82 6458 134
1382 2384 3264 2571
8876 2 9926 173
3717 3098 3836 5207
832 450 3674 553
4769 2080 4993 2276
448 3941 1270 4220
3389 7688 3466 7834
3984 8985 5752 9060
4715 2279 6519 2894
1798 8979 3953 9221
7609 2337 7817 3107
7028 3789 8039 4120
4599 2894 4834 3270
8947 2271 9704 2814
5076 3310 7162 3690
4252 9797 4797 9997
8746 8857 9298 10000
2177 1183 6523 1270
4400 5285 4886 5828
2986 633 5690 741
1961 1273 7726 1315
1710 7167 2057 8276
6458 8163 8329 8449
0 4333 1883 4448
2313 13 6621 81
8947 2814 9704 3335
0 5433 300 8529
0 9251 4069 9734
212 633 2986 762
6598 6762 9248 6816
9344 9265 9710 10000
1649 1874 3550 2240
300 5432 1313 6258
4048 153 4835 611
3836 3270 5071 3578
423 401 3913 442
5858 1865 7825 2018
5853 3226 6894 3309
6107 6536 9300 6762
509 3430 591 3499
1383 2571 3546 3170
9106 8476 9339 8607
9704 2242 10000 3831
5385 8008 6417 8417
101 4231 2131 4322
3528 7686 4087 8201
8590 6879 8917 7192
5311 7792 6750 7977
7110 8471 8853 8612
3837 4280 6448 4706
8893 1195 9663 2271
6441 5455 7150 5786
5316 6886 6011 7260
5543 3030 7487 3226
8330 7727 9056 8358
4258 978 7587 1087
9325 8813 9336 10000
0 9734 943 9937
0 8913 1084 8978
1579 1756 1643 2188
9738 9063 9989 9943
378 6258 930 6783
0 975 3648 1032
5389 8417 6297 8797
6519 2349 7512 3030
3023 563 3495 602
516 6917 967 8257
3837 4706 6464 5225
379 1349 695 3323
6986 4120 8219 5136
4577 5904 7059 6137
6464 4551 6986 5454
9871 3831 10000 9056
7902 8760 8836 8822
8893 2289 8947 3087
1710 4839 2348 7167
5399 3690 8039 3773
7511 3126 8143 3487
0 788 7791 936
4797 9761 8746 10000
4069 9228 4227 9937
5765 175 6528 269
7651 5136 8571 5599
1179 8697 4231 8853
4834 2919 5528 3269
9573 6683 9602 9193
9602 3923 9871 9063
6023 7253 6984 7424
1653 1322 5400 1869
2758 5799 3686 6809
4585 9060 6018 9761
9360 3939 9573 9255
6018 8985 6642 9723
1382 3172 2181 4231
7675 3488 9321 3645
8219 3811 9358 5088
59 8529 1179 8911
708 1640 1271 3916
8571 5088 9300 5600
2348 4843 2751 7558
7689 8925 8733 9752
8061 3645 9333 3811
2751 6809 3177 7717
4227 9060 4585 9797
6984 7192 9292 7629
1271 2172 1382 4231
9300 5088 9360 8476
646 55 1362 83
2064 2349 3090 2362
6011 6957 6773 7253
6773 6816 8589 7191
6297 8624 9360 8751
1922 8907 6495 8979
3177 7042 5298 7686
0 8979 1014 9251
9358 3335 9704 3923
3839 4176 6986 4280
3550 1871 4235 3098
1458 8276 4087 8697
9663 1251 10000 2242
3854 3776 6986 4157
6939 8026 7920 8151
7150 5492 7651 6324
3230 6945 4159 7030
4644 2065 4697 2634
7821 2086 8213 3115
7682 1345 7799 1809
6064 6906 6773 6957
3957 6607 4438 6865
5874 3774 5997 3776
4931 5758 5647 5845
5459 1315 7640 1674
6107 6324 9300 6536
527 8282 1458 8497
8213 2079 8893 3488
0 1290 356 4092
7652 6095 9300 6324
4087 7686 5302 8439
5709 286 7707 788
