8999 3489 9252 4010
5961 1616 6217 2378
3847 5730 8999 6131
3846 6131 8999 6226
1762 8992 2550 9934
6149 0 8181 274
1310 6000 2184 6466
8114 654 8645 3987
892 120 1086 1287
4651 6226 7602 7439
534 5332 1242 7236
3863 0 4475 2556
21 9343 1634 9879
5292 8533 7519 8828
8999 4010 9267 10000
3028 6023 3207 7250
3467 5735 3846 6334
7602 6226 7911 8724
6485 4314 7436 4400
2773 2064 3649 2550
4358 5611 6378 5641
963 1287 1203 2281
6914 9811 8549 9922
3 1187 123 3150
3420 5728 7043 5730
1387 7930 2536 8992
1086 121 2409 1285
4883 3751 7302 4177
5317 347 5806 1253
2614 3006 3028 7239
9811 0 10000 3622
636 8008 1332 8215
361 5609 488 9208
51 3417 70 9272
488 7239 2710 7445
7496 1304 8114 1930
4475 0 4793 2559
123 1166 375 3361
5699 4680 7218 5180
17 136 365 1166
389 3502 1810 5228
1823 3219 2611 5759
4883 4183 6406 4610
6222 1231 6890 1549
5126 1305 5809 1365
8645 3648 8999 5663
2228 6343 2560 7180
8679 3099 9298 3489
489 7445 3413 7913
1464 1418 2575 2274
7915 7311 8999 8503
5623 2986 6583 3378
9849 3622 10000 10000
4883 3461 8114 3751
4651 7439 5292 9519
648 8239 973 9187
8791 6678 8958 7081
3125 3358 3278 4804
1267 5235 1792 5999
1203 1289 2457 1418
4793 322 5287 1253
865 2281 2266 3219
7911 6226 8791 7285
5764 1592 5959 2562
9551 3738 9849 10000
4978 2894 6586 2922
5034 13 6149 182
4793 1365 5764 2563
7436 3987 8645 5320
3028 4831 5699 5611
5293 7439 7602 8533
4907 3119 5575 3459
70 3361 361 9343
3278 2896 4880 4831
375 3269 1823 3485
9332 654 9811 3734
8826 8526 8975 9275
5843 655 6053 1592
8227 14 9795 274
1806 5793 2209 5925
2268 2563 6579 2894
375 120 865 3269
6586 2634 8114 3453
1354 9969 8180 10000
6719 4426 7053 4568
4651 9519 6914 9969
182 3 3686 120
2409 122 3851 547
8645 654 9332 3099
2739 607 3643 1760
8495 8504 8769 9713
2550 7983 3446 9969
5806 274 9811 654
9393 3734 9450 10000
5292 8828 8495 9519
3704 1542 3863 1761
3467 6334 4651 9969
6664 5320 8645 5626
3446 5875 3467 9748
6053 654 8114 1231
7047 1318 7496 1936
9267 3734 9393 10000
6579 1936 8083 2634
3725 5645 8343 5728
6056 5221 6142 5579
9450 3734 9551 10000
6638 3453 7927 3461
1266 1584 1459 2204
