2219 3973 2371 4382
7334 3144 8797 5730
9125 9182 10000 9819
8797 0 9066 4378
2371 3354 4444 4521
2024 8131 4163 8480
0 9438 9125 9746
667 1876 5858 2347
7588 9819 10000 10000
0 3507 2219 4163
7655 231 8787 1381
0 8871 4010 9433
9066 106 9074 3656
7158 5730 7564 7942
7334 1382 8793 3144
26 4603 1243 6395
7564 5730 9074 7942
9139 0 9998 1451
81 7240 4379 7475
1243 4521 4351 5248
667 2347 5513 3354
4551 4815 6055 6473
2138 344 4089 678
6678 0 7334 4829
4578 6473 6053 8681
11 0 667 3507
4444 3772 4550 7487
184 4180 1356 4429
283 7070 4351 7213
4240 8128 4369 9341
1368 6897 3300 7051
0 8480 4177 8871
3681 733 4922 1256
9074 1451 10000 9182
8722 8518 8971 9406
1249 5248 3790 6897
6055 4851 6144 8681
6323 1840 6668 2499
4369 8681 7160 9438
0 7490 4563 8003
5513 2499 6678 4815
4550 3379 5493 4794
8812 4378 8985 5434
4351 4521 4418 7090
0 9746 7448 9869
7160 7942 8722 9433
5122 41 6669 1658
5662 1680 6471 1840
6144 4829 7158 8657
0 8003 4578 8128
3790 5340 4343 6881
667 742 3393 1857
414 9870 7494 9995
1890 120 5122 330
