1257 3218 2646 3753
8485 9868 10000 10000
1169 3338 1257 4053
7928 6074 9321 6237
9641 5944 9967 6074
424 2264 5524 2593
7103 6666 7240 8287
511 4507 2573 5735
9303 7667 9363 9568
511 5797 1292 6176
8236 2920 8768 4192
4862 2942 8236 3053
8411 6551 10000 7430
9373 5839 9641 6121
5568 3716 6774 4867
520 3622 1159 4470
6887 4276 7636 6235
7482 3318 8236 4192
3781 3738 5541 3814
7159 8968 8145 10000
9857 442 9920 1023
4 9872 7159 9887
0 0 10000 63
0 8587 879 9864
4803 6331 9984 6403
8675 4281 8906 4545
1050 7275 1920 8619
2573 5202 3044 5853
5973 1391 6830 1834
9299 3870 9324 5181
7916 5707 9334 6067
8220 4192 8886 4267
6347 6555 8171 6666
8907 3097 9874 3845
5938 570 7869 1391
5524 9018 7158 9691
0 9887 7154 10000
842 546 1571 816
2307 3753 2549 4494
548 6761 710 7342
3259 6326 3929 7780
4439 8311 7403 8502
5520 4867 6748 5278
3462 2942 4097 3297
6234 2790 7865 2935
36 8264 382 8587
950 9719 7106 9872
1257 3753 2307 4507
4485 515 8927 570
524 6179 2211 6655
5469 5278 6487 6237
4797 5265 5300 6331
42 64 5418 112
6697 63 10000 190
6895 3321 7479 4276
5735 6549 6257 7631
2573 4711 2980 5202
1019 2595 2485 3218
4494 1840 8430 2020
2231 2593 6022 2595
4009 6504 4206 8165
4097 3053 8236 3318
6487 5665 6883 6237
4495 4748 4797 6405
7875 1373 9954 1476
8147 9380 9303 9868
7442 6666 8411 7458
9424 1912 9874 3097
3004 8275 3773 8784
8467 9173 9005 9380
1293 5997 2746 6179
4485 570 5938 1840
1946 7802 2203 9488
3773 8572 4693 8853
3048 4967 3270 5856
6830 1476 10000 1839
1388 5796 2572 5996
1532 9488 3473 9706
395 2593 511 8587
3548 3852 3680 3862
3036 6350 3130 7810
879 7455 1040 8726
8936 2329 9424 3078
1881 252 2329 424
1314 8622 1909 8744
5533 2020 6939 2593
680 153 1476 530
2397 8829 2676 8861
6774 4289 6887 5603
4439 6414 4923 8309
8521 1839 9999 1910
4923 6549 5735 8310
4206 5857 4438 8538
6925 6864 7103 8310
7306 7189 7442 8220
297 2362 395 2474
7666 4272 8669 4418
8430 1934 9243 2171
17 2026 5533 2264
2226 6325 3004 8813
7869 750 9699 1278
9485 7430 10000 9862
8256 2315 8768 2920
8768 2310 8907 4182
512 7342 852 8581
9363 7888 9485 9868
6939 2020 8106 2582
5737 7713 6121 8104
2 64 15 7088
4926 6403 9807 6461
9874 1912 10000 5775
15 3087 336 8264
4154 9405 4692 9716
2203 8861 4693 9405
17 124 623 2026
3465 3321 6895 3716
3270 4966 4478 5832
879 8745 1944 9452
7451 7458 9303 8496
2681 112 5990 515
205 2707 260 3087
336 2474 395 8001
5843 6237 10000 6329
6260 6677 6650 8067
9334 3845 9845 5765
5990 257 8905 515
8927 190 9857 743
7922 4545 9299 5707
802 5735 2572 5794
511 2593 1019 3599
7636 4421 7916 6227
5406 8502 9303 8712
2465 277 2681 507
623 826 1693 1950
3058 515 3826 2026
2646 2942 3462 3862
4798 4733 5520 5260
3826 515 4335 2026
711 6655 2226 7262
5087 6461 9838 6549
6214 2593 8010 2762
1701 615 3058 1466
1693 1503 3058 2024
5406 8712 8967 8805
4202 2944 4855 3024
5420 8805 9302 8968
2573 3862 5567 4711
4693 8508 5406 9717
6656 7004 6925 8311
4335 515 4485 2026
2485 2595 6214 2942
5385 5409 5469 6322
2980 4711 4388 4966
2756 5856 4206 6325
3200 7903 3707 8275
