8568 1865 9480 3894
4808 9477 10000 9598
0 2211 5013 3492
1727 0 5437 1189
0 6404 3634 7988
37 3632 865 5774
865 3617 2378 4744
0 1587 5787 1928
197 303 255 1587
6462 1870 8499 2295
4808 8743 10000 9477
1752 8547 7440 8743
0 3492 5276 3617
5057 6849 5450 8462
4813 3621 5545 5140
4799 5140 5741 6678
6439 6786 7315 8299
5787 1784 8264 1870
255 1189 6062 1538
865 4995 4019 6066
72 8127 172 8142
7656 6842 8965 7386
2414 3709 3760 4995
124 8966 189 9744
9038 3894 9634 8653
5313 9598 10000 10000
3721 1930 5000 2211
4206 4671 4427 4739
0 8358 4588 8472
4087 8743 4808 9736
3808 3713 4019 4776
7228 23 9634 1784
1260 1538 4725 1587
280 13 1725 1056
5473 6678 6415 8472
0 8472 7440 8547
3634 6876 5057 7988
36 8574 1752 8736
5437 4 7126 1110
6808 3092 6908 4257
0 1929 3721 2211
6703 4323 8746 6786
5013 1928 6462 3444
8746 4291 8890 6158
189 8743 4087 10000
4019 4739 4799 6876
4087 9736 5313 10000
7726 2798 8468 4323
0 6066 4019 6404
6976 2713 7404 4302
493 7988 4526 8355
7832 7474 8995 8182
5741 3444 6703 6678
6445 1480 7133 1635
9634 1226 10000 8743
7441 8214 8823 8649
