3306 1337 4131 3428
2299 8600 6056 9357
1595 639 1867 9363
7633 6915 8899 8944
4131 3241 6800 3428
7505 3443 9093 3522
9860 7873 9980 8602
5966 624 6800 3241
5081 9542 8893 10000
2294 7852 6056 8600
7487 3522 9578 4646
7483 4646 9789 6151
266 0 522 10000
9789 4953 9993 5829
1867 2453 3305 4149
4547 4230 6047 4675
9483 6915 9860 10000
0 0 266 5684
1867 4856 4369 6384
4686 2011 5100 2367
4139 2883 5660 3239
522 209 646 9293
9578 57 10000 4637
677 143 1233 1113
0 5684 266 10000
5661 637 5966 3241
3305 3739 6113 4227
1705 0 10000 57
1193 1330 1299 8263
1867 4227 4547 4856
5724 5062 6112 5670
7957 8944 8865 9516
522 9375 5081 10000
6056 6915 7633 9542
1867 624 5246 1337
800 1211 1193 9285
4757 4705 5961 4803
6800 624 9578 3437
4369 4856 5709 6405
2294 6914 5980 7852
5709 6151 9999 6914
2080 1484 2424 1685
3117 6405 5628 6763
1299 0 1595 9375
1871 1852 2971 2453
8899 6924 9483 10000
1646 57 9578 624
3324 3428 6121 3739
1867 6384 2294 9374
6121 3437 7483 6145
5255 637 5661 2883
