5387 1573 7180 1760
1572 1943 2275 2345
4378 2834 4480 6114
5826 3868 6086 6620
6257 2366 7996 2437
6764 6723 6905 7147
7121 6122 7800 6281
4446 106 10000 260
1559 8448 2612 8584
7970 9167 8866 9252
928 1744 1532 3743
1503 5372 2274 5555
6162 4176 6570 4789
5831 8158 7054 8886
8572 4493 9065 4882
6861 1044 7112 1318
63 1333 109 5048
928 3743 1503 5555
3695 4073 4378 6963
256 5002 743 6397
9785 524 9930 5192
8249 262 8452 5260
1282 5745 2204 5884
116 647 164 10000
256 6397 743 7827
2 5479 116 10000
9582 8426 10000 10000
1121 7692 3968 7819
7383 2727 8249 4485
5856 2508 7999 2719
8615 647 8735 748
7149 5086 7295 6093
2884 7248 4309 7692
7563 4485 8248 4971
2876 5920 2945 7248
4344 0 8473 106
831 8618 5831 8886
9096 3008 9330 5335
1541 1744 2255 1942
8650 5335 9912 5529
8061 5363 8419 6234
15 703 52 5236
844 647 2275 1744
464 647 686 2482
7121 6281 7801 7226
2945 7079 6068 7237
7844 6236 8419 6681
3097 872 3632 4233
256 2482 743 5002
1337 5669 3275 5728
4186 8886 7967 9260
6695 5018 7121 6723
6086 5417 6695 7235
6597 3784 6692 4092
4972 9484 9089 9585
1494 8263 2755 8284
8452 262 8493 5316
2995 0 3783 872
2928 1545 2967 2883
5217 567 6695 1537
2204 5728 2876 7692
2947 6963 6086 7079
7296 5018 8061 6122
4972 9585 9089 9815
2030 5 2648 222
4971 9260 8898 9484
3739 9325 4971 9815
8145 642 8241 2727
9330 2808 9778 4177
1368 5957 1772 7274
876 8263 1212 8431
4969 7237 7055 8158
164 651 256 9536
863 9342 1901 9898
4870 2900 5061 6859
8493 748 9096 4493
304 1552 462 2179
743 2816 754 7826
1772 5903 2204 7692
2048 9815 9063 9833
4344 669 4496 2368
9946 681 10000 6173
847 5923 1082 7248
8419 5562 9946 6692
4349 7243 4969 7927
4345 262 7140 544
829 8886 4186 9325
1088 5912 1368 7274
1901 9833 9089 10000
257 7927 4969 8195
2539 3626 3083 4224
3632 872 3782 4073
256 8195 829 9536
2275 647 2531 4233
1901 9325 3739 9815
7055 7774 7964 8886
5891 3187 6553 3868
8922 5529 9946 5562
289 7827 4349 7927
3284 5573 3691 6322
8904 8837 9073 9478
9089 6696 9582 10000
7180 273 8138 2359
4495 3073 4808 6513
5061 3119 5176 4526
2946 6322 3538 6955
0 254 1099 647
5820 2399 5826 6269
2274 4714 2287 5549
9582 6696 10000 8426
1529 8195 5831 8253
7801 6692 8906 7760
5520 2195 5791 6490
842 1744 928 5555
6288 1957 7107 2292
4512 544 5198 2900
754 647 794 7827
7964 7760 8906 8387
9096 1461 9765 2808
170 9536 832 9974
6195 5100 6365 5417
851 7274 1640 7615
1099 254 2995 647
9096 791 9625 1434
0 9 1789 254
8906 6692 9089 8837
7055 7226 7801 7774
1578 2345 2274 5372
6544 4971 7885 5018
3783 0 4344 4073
2531 650 2928 3626
9330 4177 9783 4979
2287 4233 3695 5555
5098 6620 5901 6953
2656 8284 5831 8618
9290 275 9673 788
5070 5641 5344 6595
868 5555 3114 5662
794 648 842 7827
5198 1919 5513 5575
2967 1979 3097 3624
1532 2827 1578 5327
6692 2719 7383 4971
7967 8387 8904 9167
