405 4739 3046 4935
3115 1291 7344 1481
0 1788 135 9932
2463 1601 5867 2600
361 8160 9391 8638
4158 2716 4386 4671
6021 8666 9002 9169
1455 8950 5998 9246
8572 4982 9391 8159
3331 3065 4158 4671
3481 347 7357 636
928 5643 5677 5803
6945 6473 8447 8160
528 9247 7974 9373
5882 5640 6477 6647
6477 5556 8447 6426
9686 325 9946 3775
6282 2713 7353 3218
0 1200 2865 1478
7974 9206 10000 10000
6296 9398 7925 9769
3480 7462 5194 8088
3238 9413 5440 9430
4563 3880 5056 4651
1243 5803 5881 7065
361 8638 5824 8827
361 3844 3049 4562
8447 5556 8569 7400
3050 2730 3331 4671
372 2679 4358 2716
361 4935 5315 5413
7357 293 8437 3970
899 1602 2463 2679
137 2142 225 10000
1272 5413 4602 5537
0 1481 5860 1601
5564 4424 10000 4980
0 934 7357 1172
718 1974 899 2525
2880 1197 7357 1288
2703 9478 6296 9942
5867 1481 7357 2600
4386 3229 7357 3880
0 4 3481 624
363 5970 936 7936
4386 2600 6282 3229
5881 6647 6945 8160
1773 7065 3422 7167
3332 2716 4110 3065
8437 0 9686 3966
422 1172 6504 1196
230 1699 361 9785
361 4671 5564 4737
0 636 7357 933
5315 4980 8572 5556
5158 142 8383 293
379 4562 2044 4611
5056 3970 10000 4424
936 6587 1243 8139
361 2716 3050 3844
6497 6426 7812 6473
863 5591 6421 5640
9391 5144 9997 9193
3046 4737 5564 4935
