4775 5710 5093 6131
758 1450 9288 1513
3814 7137 4461 9331
8029 8695 9946 9400
661 9331 4238 9915
620 7810 822 8814
390 4467 766 5292
8270 7141 9449 7904
2414 7966 3499 8562
685 2868 1229 4164
5180 9017 7939 9408
334 7261 3748 7788
5235 3853 5986 5347
4461 1674 4614 9939
2308 5409 2427 7061
333 940 1433 1305
5989 3620 9288 4513
9288 1450 9525 4244
766 4310 2999 5384
7109 5833 7148 8492
333 2933 672 4333
4735 5347 5975 5710
0 0 5259 940
3166 1680 4128 6031
3001 1674 3166 6602
4759 6615 4811 8138
2169 8651 3540 9174
8727 1518 9278 2292
6269 5657 7066 8268
5259 519 9013 707
1229 2868 3001 4310
4616 9434 9869 9938
7171 5617 9149 6557
4877 3620 5235 5258
5323 3656 5983 3853
2427 6602 4403 7137
7946 7674 8256 8387
333 9939 9969 10000
1021 7823 3378 7943
9525 1450 9904 8695
5674 2 9033 344
7255 6888 8061 7318
333 1305 10000 1450
9048 15 9997 908
5198 5710 6268 8668
3590 7971 3814 8541
3263 6031 3974 6395
9904 1450 10000 8695
4826 6189 5180 9410
5278 361 8866 466
7250 1521 8343 3599
9227 5720 9525 6884
1434 1116 10000 1305
7216 7457 7915 8728
0 940 333 10000
8392 2410 9192 3390
4614 2240 7250 3620
1387 1521 7250 1674
4789 1689 6244 2240
5564 8674 6444 9004
5986 4513 9525 5617
333 1674 2999 2399
333 2399 2998 2868
354 5384 2246 7261
1433 940 10000 1116
4618 4854 4735 8244
4128 2285 4453 6582
