7143 1214 8799 1655
4578 5420 9824 5521
8431 9242 8678 9431
8799 1221 9961 1650
84 1992 816 2093
4103 4308 7238 4398
8278 8501 9006 9205
2463 3755 7085 4179
2474 3077 9584 3582
2055 2069 2101 9139
7309 2602 10000 3077
2463 5523 5079 7083
0 2742 268 9993
2463 4179 4091 4533
2910 1314 4470 2064
770 7209 819 8767
6798 6924 9486 7174
9956 3468 9997 9976
0 0 1175 1992
6731 8259 8278 9436
3132 0 5762 1244
825 7232 1901 9873
4601 7264 9151 8259
5116 5850 6130 7182
2462 2064 5505 3077
2462 5332 4544 5523
3753 8270 6394 8352
5505 1244 7143 3077
6130 5850 6255 7264
9182 7301 9956 9436
7085 3754 9584 4151
2466 8364 6263 9435
872 4427 2055 7232
2463 4533 4091 5332
5762 373 10000 1214
1901 9436 9956 10000
2462 7083 4536 7237
2463 3582 9584 3702
1175 0 3132 1314
7248 4151 9584 5236
1484 1497 1847 4424
1862 1558 2046 4415
2462 3702 9584 3754
4091 4398 7248 5236
4095 4179 7247 4308
7311 1655 10000 2602
4544 5236 9415 5415
4470 1244 5505 2064
7143 1655 7309 3014
2531 7240 4601 7988
2462 1321 2910 2064
6255 5850 9956 6924
6341 8519 6731 9436
6703 56 9840 373
9584 3255 9934 5329
930 1992 1481 4398
302 2093 749 8410
5079 5521 9956 5850
2101 1322 2462 9436
749 2903 872 7207
