2298 7355 4677 7578
7489 5523 8044 8926
5516 2046 7917 2470
2178 5757 2504 7175
5408 3345 5817 4190
168 3303 258 10000
495 8901 935 10000
8045 5652 8266 9250
2219 575 2546 3934
168 324 1618 942
6988 6846 7447 7008
9034 2470 9225 5050
2775 1200 3735 1556
9368 4039 9881 4311
2546 574 5643 776
3785 3055 3839 3285
2546 2528 2561 6084
1175 2602 1685 3221
2775 1765 3289 6150
2728 7657 4698 7834
3919 2405 4608 3325
6330 600 10000 849
4567 4172 4861 6095
4608 2404 4836 4172
1749 170 2219 3851
6740 7948 7057 9885
259 3480 1492 4037
2204 8367 3839 8902
7923 9556 8932 9868
5154 2665 8146 3199
9929 3984 9998 7159
260 4716 846 7587
4966 5985 5726 9233
258 7587 495 10000
9274 2828 9310 4408
1492 3221 1687 8900
2169 9734 5596 9885
7373 1240 9326 1533
8812 4493 8897 4988
8269 7870 8588 9390
9059 5050 9929 7360
2171 9320 6740 9417
5817 3345 8994 3715
495 7587 1492 8900
168 20 479 324
9007 8901 9969 9769
1688 7834 4695 8367
168 943 696 3302
4917 3343 5150 5985
9225 4419 9928 5009
5915 9012 5991 9013
5596 9734 6740 9885
5408 4190 6217 5262
1939 3934 2546 4468
5817 3806 6089 4186
3866 2555 3919 3309
7884 8926 7901 9695
8727 7360 9886 8324
2169 9885 10000 10000
1204 176 1740 295
6871 4116 8636 5479
6779 5686 7484 6846
0 0 168 10000
1924 4479 2175 7834
7420 8932 7593 8980
4546 3952 4567 5655
1737 8386 2204 8858
6217 4103 6810 5262
8146 2470 8989 2690
2663 6383 3420 7094
2219 169 5642 574
2170 9234 5999 9320
2561 1199 2775 6150
4698 7509 4898 8823
8269 5505 8583 7870
2648 7128 4068 7173
1050 4037 1492 7587
3771 849 10000 907
8994 2502 9034 6174
8146 2690 8994 3199
4841 2407 5154 3158
8592 8346 9939 8895
7070 8427 7280 8879
5157 2638 7371 2665
5999 5262 6740 9319
1618 377 1645 596
9326 908 10000 3984
3515 6013 4506 6068
8942 6217 9057 6220
3351 2012 5516 2404
935 8900 2169 10000
3839 8653 4696 8902
3351 3325 4546 6013
679 34 6167 169
2175 7200 4548 7354
8660 7867 8718 8113
3635 6971 4025 7116
846 4168 1050 7587
5534 2470 7996 2632
3289 1780 3351 5888
8909 6320 9059 7327
5150 3376 5408 5985
2169 8902 4966 9234
2169 9417 6739 9734
258 4167 846 4716
3737 907 7373 1561
5726 5263 5999 9012
5516 3199 8994 3345
406 4076 996 4167
2779 1561 7917 1763
7567 907 9319 1240
2176 4468 2538 5757
8636 4154 8808 7360
5739 2012 7916 2046
6794 7056 7470 7948
6810 4505 6868 5134
4938 3199 5516 3338
3351 1763 7916 2012
6953 65 9291 600
2546 776 3737 1199
7057 8980 7884 9885
3531 6543 4189 6948
6089 3715 8994 4103
2975 7587 4365 7657
7917 1533 9326 2470
2711 6150 4190 6383
4190 6095 4943 7196
1174 942 1749 2602
258 3302 1492 3480
696 943 1174 3302
5643 169 6330 849
1687 3851 1924 7834
3934 8588 4364 8647
