9924 871 9999 9668
4841 9729 9811 10000
8831 3504 8998 4160
2152 3510 2611 10000
3550 4202 3743 6792
4005 1506 4716 2981
342 158 814 1941
4734 1485 9009 1930
5030 8756 9780 9224
64 7929 69 9464
4738 2741 6201 5617
2852 3469 3545 9247
1499 3228 4733 3458
1481 3458 1688 7085
4205 322 8769 1485
9811 883 9924 9920
3545 6818 3814 9247
5094 2649 6946 2731
3745 4757 4716 5649
8769 333 9924 883
5026 9224 9069 9532
1791 0 10000 320
2611 9247 3817 10000
4791 1930 9017 2649
8220 6109 9770 8756
6201 4502 9064 5675
1695 3463 1921 9949
1217 1798 1481 10000
84 3024 367 9306
6636 2741 8564 3116
2776 3482 2852 6803
5091 7539 6529 8756
1484 320 2861 2981
3817 5650 4841 10000
1961 3459 2152 6555
2864 400 4205 1462
1587 2981 4733 3228
1061 34 1356 1798
5106 9532 9667 9729
2861 1462 4005 2981
367 1941 1217 10000
4856 5629 5026 9436
1595 7477 1653 9867
5038 5675 6640 7539
6556 7575 6640 8756
1531 36 1791 198
6640 6109 8220 8753
3743 3458 4738 4757
6889 5855 9332 6109
9064 883 9805 5855
6201 3116 8809 4502
