1432 305 3024 681
2903 9623 9840 10000
8203 304 9840 1179
220 3413 622 10000
3025 304 3833 724
7303 1282 7923 3464
7762 4268 8127 6755
5122 3718 5170 3753
5901 6026 7717 6135
3606 4695 4583 4808
5937 5021 7760 6018
6818 6857 8121 7193
4832 2184 5270 3588
1432 903 1502 2549
7769 8252 9648 8504
5307 2835 5481 4025
6101 6766 6597 7171
904 5107 3557 6235
8037 304 8203 1129
6109 6136 7762 6763
902 4974 3556 5107
4316 1297 6099 2135
6853 1359 6892 4313
5871 4771 7712 5014
3557 4808 5369 6341
9566 3312 9777 4419
3466 957 3632 1023
7929 1190 8021 4168
9840 304 10000 10000
174 304 576 3413
2987 7755 9836 7981
905 6235 3160 6362
1518 861 3251 3267
7 5947 220 8703
4176 303 8037 1048
690 309 901 9617
6296 1186 6802 1923
901 6362 4788 6981
901 7171 6506 7755
907 447 1425 3254
901 3267 1782 4974
6915 9234 7784 9509
77 1544 174 4980
5823 2138 6851 3994
8021 2715 9840 3025
8134 8536 9776 9556
8633 3025 9522 7752
3251 1023 3966 3289
6793 9556 9213 9623
6892 1048 7287 2459
2749 9175 6639 9269
8497 3039 8633 7353
901 7981 9143 8091
1297 9310 6103 9613
6506 7193 8379 7749
6906 2459 7288 3464
1792 4304 2762 4974
622 2284 690 8929
1782 3306 4832 4304
1294 8519 8098 9133
2310 775 3806 861
576 354 688 2284
8128 3282 8497 7193
901 6981 4256 7171
8379 7386 8519 7668
0 239 10000 303
9522 4419 9840 7754
4788 6342 6093 7171
0 0 10000 239
901 8215 1294 9618
1482 8091 9786 8245
622 9618 2903 10000
6899 3464 7724 4292
3966 464 4176 3306
8021 1179 9839 2715
1294 8261 7769 8519
2762 4313 7762 4692
5369 4692 5862 6342
1356 7765 2987 7942
