4513 1275 5995 2539
731 733 1270 3782
1569 9738 8213 9838
1990 4946 3523 6248
255 5512 399 8441
6335 602 9332 921
9902 5351 9950 9546
8848 8582 8965 9680
1737 2937 1985 6301
0 421 3874 733
3083 6248 9258 6456
6897 1820 7297 2161
1132 6047 1632 8046
7518 1928 9045 2486
8491 8571 8620 9046
8965 8758 9782 9843
244 8479 954 9935
4745 4396 5050 5674
5337 2766 6649 3843
7010 8575 8468 9296
4808 6754 6217 6882
4658 934 5009 1223
4513 3843 9332 4137
3526 733 3874 5758
3874 925 4385 5757
1270 733 1638 6047
1708 2465 3155 2937
5710 9303 8848 9572
5995 1275 7550 1646
3941 9085 7008 9236
3206 8525 5131 9070
275 9 9146 107
5624 4997 7750 5669
6261 7548 7620 8013
399 5767 632 8458
0 7291 244 10000
1708 733 2262 2465
7298 1914 7387 2286
8181 7678 9067 8286
4039 6495 9197 6750
3874 421 6335 921
3523 5758 7780 6248
962 8595 1264 9467
275 107 4804 421
2383 7732 5637 7996
2867 7362 3677 7554
9782 109 9867 9852
2385 6465 4038 7231
1264 8514 3185 9565
5805 4397 8053 4704
1144 9575 2893 9708
3315 9843 9713 9944
4260 6937 6238 7408
4804 107 9332 367
6336 367 9332 602
5009 921 9331 1275
2262 733 3526 2450
8230 7240 9293 7583
3155 2450 3526 4937
6766 3185 8764 3386
7780 4710 8095 5990
5814 8579 6943 9085
0 0 275 421
6649 3464 9056 3843
1985 2937 3155 4946
6675 7028 8230 7388
9868 0 10000 5351
5995 1646 6897 2539
2092 8402 9112 8468
4512 2539 5337 3843
7550 1275 9139 1915
0 733 254 7286
3313 9583 8619 9713
254 734 731 5512
732 8046 8172 8402
3287 9251 5672 9532
1234 9961 9129 9991
1737 6301 2377 8046
9332 0 9782 8758
1708 2985 1737 8046
1638 733 1708 8046
5338 2539 9332 2766
762 3782 1130 8022
4512 4137 9331 4367
4385 921 4512 5758
5050 4367 5805 4997
