5702 7509 6271 9690
6561 6956 7388 7380
7068 8354 7416 8671
9142 6661 10000 8553
8240 9088 9557 9987
0 843 123 9583
8900 2456 10000 3525
6421 84 9655 302
829 1271 961 1397
9655 84 10000 2456
1493 6005 4252 6588
9553 3526 9987 5919
5074 691 5176 863
6422 2783 8900 2960
7520 7038 7724 10000
2673 1227 2834 2949
1600 1096 2083 3706
954 166 2986 304
1494 4166 5309 4325
3103 3595 6048 3764
6048 3035 6288 3924
8206 302 9655 1167
7032 5158 7751 5501
1023 563 3903 589
6302 85 6421 3899
2834 593 3103 3764
969 708 1121 1018
1492 5128 3804 6005
6514 7696 6939 8672
487 0 756 9431
7810 3642 9016 4019
4262 863 5137 3010
129 1080 230 4001
3677 8606 5140 9462
5387 3967 6772 5125
4478 9742 5119 9883
4925 6208 5029 7278
3804 5128 5029 5950
4658 7328 5140 8602
7531 302 7660 2783
2263 8095 3013 9431
2986 84 5414 344
3103 589 4262 3010
1251 589 1600 1412
4262 563 5032 863
3013 8111 3672 9437
7996 5093 8405 7109
4252 5950 4925 6727
6360 5501 7996 6956
759 344 5403 563
6772 4019 9016 5093
6362 8672 7467 10000
232 0 464 10000
8405 6664 9142 9088
1110 3126 1175 6946
5140 7328 5702 10000
7660 302 8206 2783
1497 3764 5387 4166
2161 1396 2494 3692
186 4046 232 6417
782 90 1870 145
8410 5100 9021 6642
3103 3010 6047 3595
1495 4325 5387 5128
6888 3622 8235 3642
760 0 10000 84
3672 8042 4658 8606
760 6946 1953 9457
7030 7380 7395 8324
760 1412 1600 3110
8208 1167 9655 2450
471 9462 4478 10000
756 3114 1110 6931
464 298 487 9188
9021 3525 9553 6661
5137 1019 6302 1861
6421 302 7531 2783
1175 3110 1492 6938
5141 1861 6302 3010
1953 6588 2232 9435
6426 2960 8899 3622
6421 3667 7810 3967
6293 5789 6360 9934
2232 7034 4658 8042
5029 5128 6293 7328
2236 6595 3965 6699
9152 8553 9832 8615
5414 85 6301 1019
7469 7617 7514 9632
2232 6727 4925 7034
7724 7109 8240 10000
8280 7636 8335 8996
