3013 5896 3554 5976
5318 7710 8940 8089
1761 5989 2823 6324
621 5952 1591 7135
0 3349 1440 5232
4279 5142 9189 5200
6595 1126 10000 1242
6154 4038 8910 4233
0 410 10000 640
6036 6233 8324 6401
8910 4038 10000 4233
430 9556 5800 9749
9189 5142 10000 7352
5047 5557 5100 7944
9108 5459 9189 7473
7897 8089 9107 9367
4532 3103 6154 4439
6795 640 7970 1126
2907 1635 5244 2650
6409 9417 8605 10000
0 5584 3598 5896
7970 650 9976 1125
1082 10 10000 120
1142 8421 2339 8996
4190 9006 6112 9178
5467 6188 6036 7634
6154 3836 10000 4038
8484 2850 9841 3635
2907 2651 3796 3129
5735 2114 9679 2215
3584 9754 5623 9831
0 120 9356 265
5100 5862 8851 6188
5100 5200 9108 5779
2027 1635 2907 3850
7236 8140 7889 9360
3796 2650 8914 2843
1441 3851 3823 4650
9132 7525 9298 8892
7595 2986 8441 3102
6154 4233 10000 4439
3824 3858 4279 5783
8744 1675 9979 2080
0 864 6595 1242
6154 3103 8484 3836
0 1242 10000 1635
8605 9403 9988 10000
3354 4650 3822 5575
3939 2877 4532 3116
4316 5337 4901 8398
0 640 6795 834
5196 4439 10000 5142
1281 7294 2548 8133
4754 2843 7595 3103
1685 6542 2161 7233
4305 4460 5196 5093
7666 6424 9106 7698
758 1635 1841 3349
5244 1635 8744 2114
7470 7095 7666 7603
0 265 10000 410
613 7135 1262 7483
3572 9178 6395 9550
9841 2328 10000 3628
1351 9851 6409 9999
434 7494 1137 9455
2907 3129 4532 3851
4660 2936 4754 3065
8914 2704 9410 2773
8552 3646 9965 3824
6703 8168 7216 9065
1841 1635 2027 3850
634 5232 1311 5575
1202 8996 3494 9556
3598 5826 4194 7946
9298 7352 9944 9390
2548 6427 3068 8402
1 5924 430 9821
5734 5779 9108 5852
373 834 6784 864
2517 8407 6698 8996
3070 5991 3598 8403
74 1636 758 2818
5318 2216 9840 2649
1440 4650 3354 5584
