4356 1745 4476 3309
1620 2192 1914 3948
7541 122 7717 1580
4562 3470 4730 7819
5433 5138 5858 7549
812 1223 1919 2192
6015 9469 6454 9657
564 6847 608 8082
1065 1035 7541 1223
5850 1831 6034 1956
1050 8750 3645 10000
9535 8130 9994 8368
1247 422 2610 870
0 0 782 963
563 1168 771 6564
9530 2769 9917 8127
225 1118 340 9416
6108 2874 7200 4149
5007 4182 5354 7819
4533 817 7389 1024
1721 3970 2557 4340
2130 7621 3131 8750
7070 6520 8540 6729
7200 2931 7442 4184
8800 80 8883 2690
7631 2861 8135 3102
8730 0 8799 5120
3645 8352 3946 9509
6792 8787 7357 9652
1967 3028 2737 3854
5373 8363 6792 9424
6259 6756 7672 7374
3645 9760 10000 10000
8799 2767 9530 4375
8135 2184 8541 5485
3350 3056 4059 4318
4730 2321 5007 7815
1094 2193 1620 4500
1638 4532 1871 5311
815 5560 3133 6577
8924 4504 9137 8365
6390 7374 8741 7820
4503 1954 4693 3470
9917 118 9999 8130
812 2193 1094 5560
571 6577 4562 6777
8741 5120 8918 8368
8891 43 9905 558
6034 1773 7969 2076
4075 1223 4164 3711
6258 4627 7048 6756
5601 1768 7958 1773
1446 214 6656 275
8883 558 9917 2767
2610 276 7228 791
5337 1245 5943 1329
5855 2849 6108 4086
3133 5396 4562 6041
6836 8387 7330 8786
5208 2427 8134 2842
7116 4742 7449 6520
3707 7820 8634 7877
3131 7877 8740 8351
3946 8366 5281 9760
1620 4397 4055 4494
3249 2927 3584 3028
1336 877 4521 1021
5007 2371 5208 4182
7672 6729 8731 7374
168 971 211 9654
4356 1329 7539 1745
8219 5485 8505 6450
8374 8368 10000 9760
7747 14 8091 349
1871 4494 4556 5394
7357 8351 8374 9759
340 963 563 10000
7744 349 8540 748
7969 808 8535 2184
666 6777 4361 7245
817 0 1176 937
3134 6041 4562 6576
2432 7245 4562 7621
1919 1224 4074 2927
5241 2076 7969 2427
1094 4500 1618 5540
5354 2842 5855 5134
4164 1223 4356 4362
1351 7761 2130 8305
616 7356 1350 8319
563 8563 1050 9997
782 0 812 6001
8541 0 8730 6729
5858 4208 6258 7820
7456 3102 8135 6519
6344 4184 7422 4616
9137 4375 9530 8368
2694 4132 3350 4385
654 8319 2128 8563
2820 3305 2941 4089
4693 1804 5241 2310
