2311 4854 3993 5586
4441 9789 6838 10000
7718 1689 8930 3505
3688 9760 4386 9990
5919 3181 6199 9789
1381 5772 1702 7389
6373 4083 8930 4509
6362 5255 7870 5775
9266 4783 9693 7156
2249 6929 3537 7626
2400 5598 3195 6911
7297 1108 7714 4083
5325 6634 5607 7246
8979 1690 9132 10000
2879 0 5418 1084
5418 754 5442 2908
0 7918 2198 8764
7912 5642 8466 9019
2155 0 2879 4854
7964 3505 8682 4043
9693 1694 10000 10000
9146 1742 9255 6315
8353 570 10000 1689
0 8764 2202 9496
0 4196 1851 5771
3765 7324 5919 9566
6362 4510 8466 5255
2202 8601 2801 9031
0 9496 3595 10000
4471 3196 5914 6633
2287 9076 3367 9496
5444 334 6443 3181
5418 0 10000 334
183 696 755 2069
9280 1831 9693 4783
8466 4509 8930 10000
3069 2363 3922 3520
3595 5586 3674 9642
2945 8429 3484 8948
0 2733 1352 4196
6444 551 6488 4081
6199 3969 6360 9693
7714 334 8353 1689
4873 1232 5081 2867
1694 497 1839 4194
8353 334 10000 570
3993 1084 4471 7324
6534 1079 7297 2001
6838 9189 7964 9931
6361 8128 7912 9173
0 6718 1058 7898
474 5771 1188 6516
6360 5776 7898 7644
6677 334 7226 520
1851 0 2155 7918
7134 7680 7380 8010
834 92 1694 2733
2879 2064 2937 4339
6558 629 7488 1003
9132 7156 9693 10000
8930 1690 8979 10000
6509 2043 7247 4077
