194
2605 9095 513318
2936 3862 183710
6295 8136 217193
5180 2761 246592
9619 9850 763139
4246 2797 1046908
679 8064 91829
5773 9655 343392
1609 7849 1463568
3146 702 1378901
5902 9917 94436
2690 7884 35036
3450 4584 909527
823 236 266896
2936 2547 218159
7284 3730 474775
7191 768 179695
8064 3521 1442878
1800 6824 1582539
8832 9843 200138
4560 421 74953
503 4108 58718
397 2525 842261
6825 5511 214643
6447 8637 75718
444 8420 2380007
4184 8376 527269
380 1149 105156
4690 7733 183106
870 2581 152530
9822 1307 35053
8155 5716 179892
3042 4507 64787
2875 7950 349078
1713 9704 576820
2846 6260 447581
3253 3635 26659
7154 2830 2722407
2914 4435 336112
7684 2844 215124
9534 1414 116747
4908 7040 1304192
8236 5150 309418
4678 189 538668
9276 2108 807648
4762 4166 1708999
1254 429 1646413
9432 1854 1342508
4239 1922 1326668
2866 422 142443
4391 3284 1174341
671 5080 363237
4886 6016 266782
1744 4496 48946
2584 7623 730331
1566 3247 14483
6702 4169 233571
3483 4143 795133
1791 4330 176649
1470 5442 77710
5217 1799 1687240
1930 4372 566805
6359 3347 1215292
2143 2446 270964
685 2645 396371
5064 7796 189132
8339 1726 35029
323 7835 825405
3655 333 288259
2725 4173 671629
309 393 146538
1638 6171 1380010
8048 2680 270471
614 9682 53769
3836 1742 418534
4926 1957 445176
399 2963 360776
5343 3233 179947
4364 9711 574883
6905 5164 533313
1012 9783 25646
8704 9307 911426
3904 6550 1287326
8070 8894 312720
1200 8778 98684
7779 5725 247694
3189 923 322012
7419 8113 1107966
6220 6538 23511
5809 6756 270524
2408 2978 535477
8223 1946 1223962
5078 6608 270613
1927 9762 1188153
9407 2210 285954
8446 2551 139410
6783 9961 102802
9949 9465 15307
2595 8588 792926
442 9475 258070
5934 7786 884787
5255 3405 41553
3937 4135 753738
3079 3565 118236
4247 3958 70136
5406 700 565697
5411 5466 14771
6902 1116 635630
8635 4495 869629
1591 3085 57781
5089 4551 898913
5869 8060 74590
7350 4074 677634
7865 2909 441065
2763 3365 128037
4389 9660 77916
6426 758 378884
5955 1768 997327
5359 4336 297872
1403 6344 12435
1658 8655 79260
8737 3759 281990
1311 3207 427119
3739 2081 316879
4287 1652 926847
8126 2903 365243
4413 8134 808103
1979 1934 37079
5099 7440 13247
4784 2956 2036999
4702 5128 1636371
5041 7560 899983
7414 4614 75043
1554 6438 946794
3647 5532 27072
8840 9227 1163561
8521 3010 342756
8307 7663 110235
2360 4005 1759532
1053 2434 133476
6647 1646 14013
9478 1472 6883
1373 7767 226804
635 4271 616815
1048 6046 3024845
2906 3612 937094
1145 6164 621005
8479 7491 412520
4891 18 182324
564 8335 450868
2376 9957 508129
747 3699 226708
1844 7832 1045075
8703 8602 702369
6934 4071 60686
3619 4060 492496
4443 4959 529813
5668 176 850014
7900 9068 284537
5034 1255 486233
9352 288 674289
6808 3905 155352
981 6543 185089
8586 4081 47049
9880 9467 61996
3163 6987 19560
7975 4326 1757332
3865 1551 183598
7214 8216 797276
9865 94 281146
2481 5760 653402
8635 7148 85199
2652 2472 166945
9710 6345 174488
2872 9244 998590
7328 8701 820304
2679 2957 80801
1218 3046 275335
136 4555 2147685
8592 4135 28073
7970 2230 384664
9505 4201 357462
3743 2014 198539
7956 1905 197503
6401 437 65983
8112 7311 708704
3424 3952 135874
1913 2813 123883
7412 7282 145461
6729 9805 202473
8507 7547 656399
3069 2473 844145
205 9360 28293
1216 9835 18541
