82
1869 3468 726903
2646 4995 636403
5971 4090 703819
8036 9321 6692576
4620 7575 957277
3123 2374 2045509
6139 7517 616106
8726 3788 366584
8368 3 564411
197 6808 293358
3338 8643 1257505
3274 2967 1410468
3438 3157 115828
6678 236 165022
759 6098 817892
2128 6513 423288
6130 2659 1208973
7306 2548 1396964
4827 3085 879709
510 3388 161515
4724 7436 866996
256 8824 541421
2530 4545 1242034
3824 1801 1808406
6576 3661 1223815
9346 8674 937820
8146 5621 1960516
7176 1951 609627
8880 9001 200637
1957 8206 1069472
2370 980 22181
731 4219 630418
9031 411 1404266
7186 9787 553851
1270 4903 456035
3038 4411 1027027
2431 4262 1854171
8828 8940 2106144
9608 7560 1736290
7592 917 442407
5585 5460 291303
3226 6709 4099552
9778 6289 1497891
1485 8888 284961
9178 8236 2507290
4630 410 248398
4604 5073 2345222
3492 51 1020989
6978 8817 2014786
506 8117 1635692
4828 6140 1274783
5745 2315 1420015
862 8114 1120577
3210 2951 11875
9431 5895 1294308
6970 2478 1588165
109 940 143184
6293 9563 861165
7175 6931 752362
7241 4012 1395762
5344 6115 244030
2544 8256 410505
5146 4948 142747
5662 7426 1465997
8847 3154 775552
9394 1627 1051087
7427 8637 54895
1878 9861 2753396
2478 1039 6964064
5687 3183 1078991
6400 9686 830734
4910 3470 2503126
193 5424 512616
3184 2853 966235
9671 6099 1548340
6518 7590 2303540
4548 7934 523883
6649 934 2249528
431 8598 368081
6937 1468 1127185
920 3890 908348
4987 5857 3275196
