171
2987 3367 2056429
4880 7407 335850
9820 5449 291734
6376 1964 22920
3679 2248 292990
835 8697 621507
9560 4956 530830
512 6208 653208
9550 4643 15904
5714 2 213693
5026 2349 201160
143 2800 1198855
9616 2677 491731
6760 5334 372836
3488 1556 534744
6393 3901 164710
7817 7503 95347
3499 3116 106802
6901 3797 109183
2086 8025 977886
1185 6895 1054628
1483 56 128282
5949 1484 408947
5976 2749 5012
1705 9093 368130
8065 7709 238799
945 6662 354204
1610 2219 1459771
8313 6914 139432
5030 3858 214145
4756 5354 1242957
5505 5808 143209
9613 2829 724184
2114 8090 1202126
6598 9993 897528
658 8493 1996401
4746 370 2228
6270 430 199588
9993 4683 237211
1658 7532 140751
367 4409 654284
6460 9753 1196679
2150 7122 1240930
665 3441 976440
5148 9137 522618
8761 5374 52771
8978 3728 224876
8589 6128 1234316
7640 9200 98983
356 1055 91009
5506 770 224798
5282 5030 74661
6740 9071 469905
6222 2580 23763
5222 6811 23148
7813 9258 11547
8381 7299 268770
8244 8618 116976
8789 9084 678144
3268 1085 499604
4009 1979 344311
7308 467 814305
4756 2841 223873
6266 7277 1557290
8657 9692 234603
4957 7119 325272
9942 6299 22436
4985 5488 415555
523 7400 31780
8565 5142 890517
7246 1623 835145
3238 8830 465439
345 5560 654180
653 3981 698068
440 9202 3656300
6692 4748 271739
7898 6888 63270
625 8 340065
2261 1825 906580
7589 1057 3142499
9604 1129 179204
5040 140 1436617
4523 683 368818
2333 3647 1398873
1763 906 767810
5357 5431 1028639
7528 8895 1361474
4764 9138 154673
7622 334 1480719
7631 9348 146551
3606 3108 1084712
4778 6017 3121108
8045 3450 653735
5778 6131 225901
613 2459 597667
8059 8044 158377
851 6474 34917
401 7588 541253
9297 2764 445256
361 3300 349007
3465 1681 166189
1906 9460 141116
7169 7815 703177
9443 1147 489931
764 6827 343250
7006 8934 490079
7038 5756 71690
2668 6338 1473301
7561 458 506183
7505 1308 27808
3234 9956 540654
864 5340 712228
2977 6750 401766
2773 9217 517575
3850 3953 355141
7023 9799 494596
5093 9482 508612
8036 9171 2162895
4274 2225 644253
1145 2721 33746
7255 8340 1048729
1684 8708 69650
6421 6812 499567
1409 9070 9634
433 9363 337785
77 5169 272925
9336 567 314593
5755 5722 845338
1574 9267 614508
1070 5568 549306
1897 274 680338
4473 621 548492
3776 1050 281258
2158 5965 9955
9394 1548 123439
5993 6711 2742078
4737 1979 526372
375 2812 109007
4565 3446 296410
9207 9557 158860
3730 1426 49189
4494 5209 655221
3098 2391 244258
6393 7389 205402
5689 3035 501828
2839 3915 267156
7174 9989 329455
2430 9929 617049
3138 9428 1080495
9035 3150 199718
778 9534 728465
2323 6180 23271
1812 5249 1679444
7969 5488 58020
2274 6992 379833
7157 1684 626886
3015 7945 793620
2355 6230 2684988
3180 3366 461415
3245 5529 1130833
479 7623 159565
5207 526 34138
8834 4202 2368800
2172 7225 162359
5088 4873 227793
9767 2741 624983
2862 957 669043
299 3988 104164
5904 6909 295828
9345 4509 243668
9275 5968 1012067
