70
8617 801 2270391
9243 9973 184343
261 6559 489985
9980 2474 2000248
5868 5393 177521
9199 7407 729539
4283 7454 393693
6868 9633 106456
8025 5723 6889902
9288 7194 434712
6324 2415 37910
1635 1872 354392
5589 857 377472
891 7071 619468
1517 2717 344785
6452 1253 880096
6335 3789 720033
8435 2107 4183600
1480 4033 19922
1181 4801 569705
2809 9898 162916
4748 2889 1058989
1118 3922 1090080
8669 4814 3739068
4827 222 513963
2776 6871 954050
2812 4956 5402468
7870 1003 1315802
1553 9818 2469101
1005 5158 650648
2599 6993 2846975
3751 953 1424734
9302 7215 1361169
3520 4884 2234402
3763 2770 1044365
5361 6915 272029
4651 1819 948268
3775 3869 2405132
5959 819 586143
171 5395 82784
7790 1799 817842
8673 9787 1141434
4480 5652 261767
259 7079 915205
7472 5175 2063692
8384 1999 1335611
8529 6480 489312
4520 9154 2656967
5602 3994 4245098
3698 6177 3743977
9636 8125 86483
7666 9623 2790018
8721 6988 63699
4384 100 2249015
3418 4653 514658
3283 1133 886216
9402 6630 290634
1660 981 499490
3087 629 665369
9636 5085 1073072
331 8497 1309113
1106 9604 4399379
1194 5871 407358
3420 1401 1816655
8571 7315 2232113
8224 2308 1819147
4908 3373 3817768
512 6212 1769349
6178 7619 1212149
6050 6034 2080151
