193
1192 5049 80687
693 8185 421036
2649 2761 1176772
2850 324 549384
5061 3714 1874954
5329 6977 35559
896 1999 18536
4574 2344 2867628
2917 9248 381082
9005 9634 331013
4830 2281 865165
34 2609 485306
953 1514 84707
8934 4470 1452483
8869 8918 1134827
7664 6290 1289619
2402 28 560318
2485 2870 91295
550 8033 138462
7528 6945 190887
4578 8595 724558
8593 4923 405344
2647 5343 30951
6789 2851 690965
1017 1333 188929
1958 2254 567681
899 234 131050
977 7178 267442
9364 712 421770
2752 8787 90650
6931 1010 175605
2478 7397 261826
3073 7538 534143
6630 5674 430368
70 9164 359389
1631 3360 34334
5618 8369 1177765
5903 3936 51027
9151 7629 574483
8990 9870 2152850
5770 8233 416502
7819 3612 1876866
1952 8992 60969
8336 9427 1377
2594 5819 767217
7017 1199 697201
5181 5182 974178
2609 7458 1854141
9419 2553 698066
4800 8470 1296033
7665 3254 598731
9240 2638 242402
6109 7417 1157629
5557 4737 2151
54 7013 179477
8825 1620 242492
6049 8315 163824
5460 1172 332549
6694 2254 175660
9840 6941 549340
772 5095 157091
9557 6392 710822
4071 6403 1286025
7550 8030 135715
5966 5601 77455
1277 8482 1464721
8329 2421 676693
4402 8279 119873
3663 8117 256592
9380 2346 380670
3846 7051 105720
697 5948 1331733
4985 3524 61375
2851 9108 160242
7574 4223 226999
1937 2115 376651
235 7220 197783
7929 8998 1004423
9809 5840 675893
393 6966 296865
9260 9600 84661
1771 459 16224
2045 1017 31759
2017 544 99285
1891 5220 34242
2268 6042 699960
6157 9278 795552
3832 2105 1633707
708 7846 971323
2175 4014 45202
1401 8261 440801
750 3228 837939
8937 9508 546699
7874 1419 45425
5489 2364 560261
4557 9191 958752
5317 464 246025
4945 1752 588018
170 2624 870118
5835 6913 603038
1459 7671 780731
2141 3219 238664
9947 359 594469
8197 5534 284781
7003 7404 20071
4994 6180 227313
6555 9085 692804
6218 1808 1327123
1217 4823 325842
2857 1095 18048
1840 3461 249762
5531 489 621067
4632 8530 543313
5385 7023 1196720
2230 5372 350439
1323 3896 430601
8169 5660 251943
3197 1642 61135
3831 1557 434954
5721 5763 350546
3246 4575 431202
6084 5870 7567
1822 7807 82665
3339 5349 1382218
9049 8556 637732
259 2587 404542
45 3748 214586
5209 3690 175775
3384 5975 261442
6528 8069 1836572
209 1461 333360
754 1853 989010
7645 7884 365009
4398 68 1908858
9455 7795 654232
4626 7608 1112463
8906 8003 127728
7287 5575 323102
8236 4909 114767
5380 4122 832770
8603 8789 204787
6997 5769 591844
3410 1200 138986
6612 9025 1390460
1318 3373 325569
9161 2083 160377
9491 950 862953
2939 1195 51421
5423 5311 125211
2359 8196 152255
1304 6391 108628
1883 4125 517124
8556 1363 416617
2271 7953 92743
8138 8663 725246
8153 6440 519573
8195 7145 251111
7236 420 78143
2552 7787 1421759
9682 7163 19847
5347 1233 1056896
8258 8669 622632
5500 6251 83967
8260 2032 654026
4140 2433 96425
9170 1975 1363859
9456 539 23304
1809 2123 254309
5799 6530 482859
830 6621 200096
2001 182 106727
9930 8444 297695
6508 335 83915
5761 3235 743964
5922 2655 1978671
3627 3050 1972569
2225 5737 141475
8475 3243 257441
3895 9732 219725
8587 3748 203471
3105 6615 164010
2223 6196 1040522
7030 877 1152298
9891 3627 172951
8771 1536 65502
1858 6102 451423
4821 3890 87081
100 368 27096
8383 2667 105750
716 3209 199268
1722 1284 46151
5898 4648 517697
3952 3074 375658
