69
5936 607 2910373
1609 1744 530690
1440 4522 4051564
4886 6721 378825
4129 940 2509080
3739 3699 829159
8259 9892 1485725
3805 9823 858144
6918 7749 259947
9990 5508 550920
4955 1839 395262
9474 8479 1652247
3028 7378 3357097
9455 3410 3559617
7630 9507 589002
4851 8331 1163998
3277 7147 123380
2194 4803 169448
4905 5264 1046697
9777 7814 356971
7730 1679 5183188
1711 9392 1952404
3234 9715 142811
3326 424 1510192
9103 4367 1483725
1747 9630 3356659
47 8190 1169108
4243 7060 1344072
1250 288 1769224
9552 7897 1397695
8293 3930 888845
5215 3418 109579
9965 8830 949160
923 8165 5803780
3993 8106 1300538
9410 4094 1414770
1645 1313 1599914
2709 6818 15567
7048 3951 1589354
670 251 407128
3084 2526 1694606
7665 7812 1488131
5629 8708 1009119
5905 3395 1522083
9178 1048 5959142
9379 6113 143667
9971 6129 872103
4002 4015 625140
4781 6367 525721
8204 816 1102381
2040 4785 51967
1764 6076 4934370
7848 7826 1726684
4916 14 1718450
5359 8627 796856
7012 6733 418610
9502 1479 733169
9002 2050 522342
2622 4591 3288517
1368 8871 107959
794 5918 192753
4490 8244 272437
5685 8737 612191
3171 2247 420599
6267 1900 3803507
6101 8182 643627
9062 385 2097857
6729 4529 1223387
3706 2753 1326766
