136
5489 8247 2066366
6435 3140 652313
5126 1969 444489
1368 1355 237110
9638 2332 272665
9228 1240 2074734
3020 1829 733095
6470 9546 453571
2136 8412 1226538
4704 5445 1832524
4732 4286 441370
9114 5144 523013
6583 5555 1195450
5557 3087 1132743
1341 1452 237638
98 9547 367669
9911 6796 186176
4504 965 241740
7038 3499 576363
5326 2005 29180
2065 4811 273948
8525 6111 39757
1571 4726 921784
8885 1987 174263
7921 5657 64074
6796 4772 194047
1442 6339 837050
158 3675 351158
9678 225 398691
1704 7639 1202653
1516 8148 305133
880 657 1515580
3147 3549 225507
4323 6800 180203
8868 2067 1559855
1157 1376 296376
224 5968 84323
2427 8638 2092153
3387 6085 374908
4851 9248 1941401
7165 3578 2487769
9418 5141 1092981
1819 7670 166995
5863 7628 1356747
2529 2515 2163816
4968 3901 2802603
4303 9105 1679022
959 8624 1293141
9432 624 133051
1639 5672 266418
208 3063 142724
7652 2096 132626
211 4521 175003
1031 6480 826097
3738 8324 77646
5883 3104 1920076
523 2093 588874
1810 5483 94548
4921 7182 1026019
9637 3214 157251
293 3162 321571
947 6662 531012
6516 5979 646872
5199 1868 22531
8869 1603 468914
5025 1754 146309
2192 2485 528581
2437 9764 144468
9187 400 745132
7678 3611 149407
5743 9267 1884594
8830 2111 1895158
5027 4213 748080
5530 8775 435073
3606 4897 636561
6309 9437 1491921
3856 1046 106158
5034 8119 265455
620 1652 63561
1940 8254 477851
9275 303 1846054
1014 7103 400578
8885 8597 311038
4012 4773 383997
2826 6588 844683
6587 8068 72386
4926 9130 461614
1447 7622 967114
5537 1014 739527
9648 2094 424990
9778 7773 859939
4828 7641 112808
7862 8836 1386717
5780 1414 270877
1083 703 246685
3154 8298 7158
7791 3983 1505743
5146 7094 1266674
9774 9974 38504
5593 2493 106958
7583 5913 677662
4607 6244 1762174
5748 2836 7465
4158 7195 3445728
9325 4320 739345
2648 1762 104654
7039 2559 539608
4204 3311 668101
1184 7063 874458
7146 698 467707
2394 9058 344279
639 5567 190353
3555 1081 1096152
9318 5110 1723286
8487 4390 877993
787 6595 2468170
769 200 1984429
7648 347 482109
1619 3142 1072290
9957 2860 362608
6306 6564 491454
7103 2379 169436
474 7178 267483
6363 8501 440224
6232 1675 593375
3408 405 486185
8071 8395 345340
1732 1498 650993
3354 7223 1337477
5253 5155 145570
4874 889 868939
5675 9408 404015
7713 8996 225758
7715 4966 337413
646 1048 2081205
5215 1139 762291
