69
722 5507 3039642
5412 7449 1528730
3757 4616 1303950
1517 5999 1738986
397 7771 2117084
1246 7270 249306
4638 38 1049618
2996 3471 2215132
5892 2 833812
6956 8666 2862815
7777 6784 1244316
1761 8314 3282310
997 1605 339934
1589 1294 699251
7196 1120 367055
9871 1672 704303
9960 7939 263451
3519 68 696833
72 9738 3249005
908 2601 652437
9160 4251 670396
4098 3599 1016113
686 3358 2896514
3097 4847 3298017
7724 7591 2667096
7449 1572 1745776
8871 9118 1044750
5475 1120 2754977
5040 2764 341399
9518 6345 1250216
9957 7082 2249929
7739 980 3439633
5875 5886 316809
9964 1645 908064
5175 5174 4519575
8785 3021 1112913
4410 22 2048853
4109 1790 102841
4516 6407 140085
3743 6768 113529
7365 2236 679639
5978 163 2112677
503 8144 1049359
6951 2285 116842
8725 6019 4528760
1217 8356 2472949
5187 1772 1241835
1577 5515 2038466
9534 4097 1664429
4294 4225 2924094
8115 9426 1652499
7982 4766 361193
7179 1072 285908
2195 6859 2279248
8746 5358 203242
7180 3424 218913
1574 1390 51293
7357 8977 3474555
7407 4323 1211764
3095 8707 506375
6385 9300 1172292
7795 1138 241887
6391 2795 462099
807 5252 1056116
9102 302 888285
4652 785 1352538
8916 6397 762037
3755 6436 1196942
5608 7046 2718309
