165
3970 538 308709
9692 2312 819989
9468 5015 753467
2656 1573 727010
415 1035 130938
3798 1642 510582
7696 4173 52320
3912 6342 719247
7759 7963 222994
2903 979 1763686
6696 8141 684128
7711 4432 2174
6727 4296 417773
3359 1663 11919
1 3022 835041
1663 7895 1126926
9332 6704 243795
5914 4486 263030
6886 8865 831899
9046 3230 459904
930 90 862523
9022 4797 233340
3777 8871 392633
6298 3487 560178
2566 7223 275179
3075 7724 615052
1814 531 263896
1138 5264 267140
5501 3378 933933
5651 7264 1502076
9197 20 257426
2862 8268 545627
4925 4239 3929294
7942 4298 486338
5081 9845 112360
2480 9708 846930
6330 6664 150737
6128 9609 15833
8757 3154 184518
1209 7908 203565
4854 2367 355669
4145 5571 24482
2685 4585 52388
7293 1072 256551
5018 140 1050063
2184 8037 452331
5552 6265 489571
1064 9300 113715
2097 6175 472973
7097 4045 711985
4075 7264 53183
257 1379 1379291
2223 4243 727224
6269 2272 582658
7017 4232 364509
2062 6710 552060
1481 1805 1668215
8053 6558 118456
1428 397 302581
6418 321 1233747
8906 8583 733846
1651 954 587663
6594 6740 912111
6692 1407 396891
9383 8301 162181
954 8928 147471
8018 9224 2478626
7397 2763 1173654
7291 3201 991029
3435 4404 60101
2763 4294 82961
9661 6765 197911
6184 8081 759611
4639 4805 14953
7894 7539 69238
1155 5842 594122
5114 9455 266818
400 7399 25467
3183 969 3161024
7646 3247 689572
2126 474 296384
6347 3018 1681882
4528 6967 997289
9160 8007 510696
5748 2400 707324
4469 9932 1287
7451 7205 175339
1884 1972 1298730
1958 5075 343258
7142 690 395157
6985 119 89301
2057 197 286051
6981 6732 644183
8447 1531 162739
9797 4905 2569040
221 6327 424151
9746 7853 46360
4671 4666 752018
2596 3520 245353
4112 8814 2020129
4986 6983 2652025
6909 422 572185
4681 2022 336380
4348 498 157275
9037 5005 1526472
2849 5913 759389
8291 9326 761441
6676 8579 88152
4684 9114 346364
2159 216 1022755
8487 5616 416825
7924 5414 508818
6511 5588 1439301
958 759 313249
7012 7309 918561
3902 9786 7839
4149 663 768668
25 4225 412955
8207 1492 173380
3052 70 291709
5295 8875 44585
1387 4886 244549
5472 8941 625388
3114 3550 805200
3329 20 433868
3653 4499 1372043
4012 9951 1070506
5818 129 775872
6852 7673 253073
2419 7586 858382
1706 4765 501701
8235 3081 319626
5760 8979 298192
961 9800 221862
7959 1892 910669
6735 9168 23369
472 4600 118602
1047 3086 602466
5051 1799 29342
9550 4828 611685
410 7718 332254
5362 6200 894500
8265 283 229582
4665 4893 381612
7811 1312 661783
5805 1154 582097
4855 9408 255743
2290 4407 193142
8205 987 52052
3816 2709 1084189
5462 2364 19226
4658 5320 789264
4540 6679 228455
933 7366 500404
4473 6803 536613
8602 6661 2823243
6856 7150 212194
4825 4009 398206
1743 2003 358328
9530 1450 853299
9430 7808 51478
5349 3418 18617
3108 327 368211
5168 4110 1799110
2154 9544 1143993
