62
209 529 3402420
8783 6395 1564326
8612 2475 2559427
6528 7125 463885
5177 9296 15136
5334 2077 1637375
6089 4123 641940
6526 6104 444349
5282 3554 89852
8790 1660 875620
5400 7668 2276305
4059 8355 2853301
1889 2823 2675536
2347 55 2991530
2462 7967 1326991
656 6686 3002039
8004 2789 3364299
3026 1030 1066643
7743 3847 4457175
1977 5866 2845867
9191 1108 167288
5437 1402 383319
75 3313 678902
8298 202 670274
5146 4719 1795962
2557 4683 515270
2096 3551 1091995
3501 3383 2946274
4875 7620 179663
8725 2662 179624
7077 9794 649857
7253 3679 1110887
1699 1568 113651
2729 245 263195
5239 8039 760733
6610 515 327786
497 1609 534940
8489 1531 1188260
2885 7679 278674
7149 3417 5799285
9916 8985 618195
5392 6371 663045
5751 4031 1495494
105 4454 365699
6780 271 169002
7315 9678 2281493
1511 1759 1376357
4136 5981 1668052
1881 442 439920
2515 9050 7424134
9156 5977 3241478
9522 2875 874166
5362 4095 2767844
8778 3011 1924854
5648 934 380205
3983 61 1258130
2451 8363 707033
9060 5992 5295714
7266 6416 1753453
9785 4693 521009
7031 9548 485102
463 1517 6099766
