135
8790 1161 460313
3573 6908 514317
6520 7563 246698
6497 3122 24600
7132 8694 420357
1976 6002 995803
8616 7716 2012809
6980 3185 120775
7293 6339 233224
9505 4456 1205073
715 6701 1239581
9645 3649 2336216
2037 4984 2371587
6511 8891 133378
480 4679 395971
1941 6693 743291
5538 1923 348196
9229 9588 280946
6757 66 444321
5510 8212 285999
8080 6355 84452
6214 3246 2013910
4611 7656 696331
5477 6820 1486431
8407 2420 2313189
7334 8576 57229
896 6057 517113
7081 1003 60008
6639 867 156715
225 9293 1717274
1779 3165 475764
399 3170 473077
3651 2204 290482
9887 7836 1239575
8854 4359 1070154
2740 4029 505638
3425 7399 1138389
1412 4590 616312
1157 6513 123233
6126 1283 74724
3976 8801 2486777
2355 9851 202885
8547 2009 857566
9521 8923 866393
4953 591 588484
3409 4222 968709
4717 6617 540193
3480 6764 11787
377 9890 806081
9310 9601 347418
5411 648 77360
2231 5921 137339
7228 3382 1340352
8876 5061 1465951
6713 6139 200123
1177 3983 72368
2721 9213 284080
3168 1960 26672
5514 3445 1543109
8249 4174 380719
6652 3475 330962
2992 9795 354117
2433 4422 2230083
5724 3835 1046704
8316 2062 636053
7042 1393 233442
8981 2940 3052381
462 1465 3485529
4327 6074 827119
5018 7144 275683
5240 4433 170209
6347 6999 129162
4026 3592 338246
5266 5451 577153
6827 8403 2196298
4643 140 332255
7879 9725 1898538
458 3992 133911
1384 2061 17416
3983 4824 1277248
763 3043 59575
4988 2402 196245
8411 3853 498675
3937 5499 20915
8880 1281 35026
8980 7079 621717
530 3792 173163
727 3702 580750
9750 4142 847037
828 1906 415482
8637 1728 1192945
1940 9604 738492
758 1618 339223
3955 1548 280928
7992 4865 2816750
8357 5953 190970
3498 2471 139973
1945 6647 1501241
180 3747 9153
1691 9019 53299
9291 5054 1017444
9137 7413 134506
2801 7986 222524
8467 9437 1322158
4221 6371 46656
1976 2974 370506
6958 6878 1135371
2245 4613 614190
4736 8334 181370
1483 1108 1052921
862 4887 487494
2322 8124 459729
5349 5073 404245
9341 4516 989719
9707 4864 789873
6055 5382 1126189
2226 7993 232492
4420 6448 552800
8096 6748 2119092
5267 9840 212235
747 9861 3131989
9932 272 487820
6742 7769 1704198
959 380 17774
200 424 192699
3599 2737 2279966
5849 1845 1220986
2802 4967 79543
5661 4630 728168
3012 3 793212
5274 9203 25449
7830 4661 610125
5036 3284 429050
3632 9639 221646
7958 1908 1223972
