51
7253 2692 4586407
8821 6174 3195916
1705 8605 6537717
8361 5328 85282
7144 3364 2859633
5027 2203 200567
981 2051 2361411
225 5988 336543
161 1822 5344416
7934 3159 204562
1966 9477 2195319
2302 8448 2011227
3437 2845 7273128
7429 7171 1165104
5348 1698 1574944
7065 1270 270280
632 8286 1082728
3889 3577 232164
3662 6186 686849
4381 9474 445135
2266 2166 6753167
6887 3841 5427220
1182 9205 1801108
158 3613 2354677
6652 8455 4119912
1078 1781 1577769
1605 1351 120498
4111 673 280385
6319 7975 3238543
9630 4418 2144104
2930 7788 204745
8250 4678 3798247
1434 9576 621242
5545 7226 80702
6277 5387 453251
6545 5949 143182
8428 2078 808506
7088 5828 2839456
3392 6688 140651
2448 5594 441419
7619 5700 2415810
1338 6896 686842
4366 7952 1559723
2730 7820 1672643
8769 8190 2355342
8276 5437 846550
1753 6309 2290209
5043 9603 3786460
704 3302 486680
2603 7082 613034
121 6388 3288591
