170
2808 8531 1012245
8686 6672 517676
3106 9276 706448
6686 1154 382425
3865 9601 1306162
8562 3563 70109
1772 3363 1143439
6372 7209 239830
9770 2756 329584
9010 6133 549505
8169 9149 1393656
643 9970 1881498
1736 3637 524974
1295 7808 594652
4553 2798 330589
9486 5852 1009346
7004 8289 1268377
9757 1384 251701
7910 141 1213779
6953 4914 322822
9825 4720 310650
4139 2028 930132
9626 5024 236828
466 4926 119355
7573 7972 1353185
3193 6204 668337
8335 6425 474984
5495 4721 369512
8593 4780 644728
5505 3558 280693
481 2009 291881
8970 6850 665927
6542 222 538629
8782 151 58419
727 3466 461332
7078 356 1089671
8488 89 596611
5007 1153 892511
5661 9437 417377
7871 8483 501295
8440 8021 270893
8145 7048 567026
8187 9253 1982933
7087 7566 15589
9498 2429 791509
4757 5987 255026
1413 1297 96315
9431 4853 222339
4323 1969 694570
7140 7045 364772
8659 6876 892993
455 990 46671
79 9098 1452886
4802 5705 2453
8335 9828 13607
8440 9270 31098
6296 8953 2195959
33 722 1350481
5764 9772 2690256
1914 1624 862968
3198 8438 106757
5979 1294 159849
3760 5396 82557
180 6965 467266
4780 3664 266320
5589 8032 73889
2729 5929 956276
4220 3907 152517
8232 1026 2587910
733 3684 1427978
3845 8420 119471
6384 7461 245200
8287 5346 265112
9988 2585 497372
6676 178 761582
8381 4463 157751
9615 6675 296829
5492 1905 331042
8816 6805 767242
3937 377 664428
6566 1920 400065
2529 2100 1102293
6817 9244 1146011
2447 5884 10538
28 671 124100
3841 3513 1096528
7801 976 774631
5211 299 487644
6439 487 454273
4824 4014 160285
9382 1748 1213295
3591 9002 204611
3630 5953 137945
1162 9719 356040
383 521 111767
3797 2892 669386
555 6157 160197
2039 3051 9120
5281 1049 151149
7010 3593 151018
1324 6396 51717
2241 7746 1649727
9806 5094 101167
7775 1746 373804
658 1814 2004954
2726 150 1239727
4736 9077 79757
9960 6000 21641
3700 6935 246571
38 7284 1002498
9 1861 316485
4627 1806 1435016
5909 2466 545231
76 8113 373479
2607 6449 415444
6151 7303 493094
4882 8574 1157332
1757 5954 111159
6888 9947 987824
1803 2426 123691
1648 2629 444999
4952 3678 211088
6493 3164 264041
3121 5448 793338
5894 4900 141933
7176 3054 753539
7286 5097 192702
5396 4762 133049
68 9046 1004887
9613 2884 10981
820 6071 1221616
9396 4321 410403
6809 6538 934329
522 3639 575369
3438 446 506650
8291 7696 321144
3483 5352 541807
627 668 480403
1970 4053 325162
127 4344 280234
6644 3437 623949
8956 7637 2211611
8326 2704 278572
4375 6304 72042
5995 3812 126920
3989 942 153475
2327 2722 1484520
3092 7818 202015
4270 1320 633335
4582 5048 1291989
4806 1160 241047
3559 5437 285113
1509 5097 840682
8015 1235 213691
9602 9010 31827
791 71 147350
2690 556 256562
5047 206 819
7533 3675 775936
1499 9350 647608
3298 7815 112389
5435 879 146539
1607 8565 361464
2568 7244 1589217
81 3836 514226
6822 151 805946
9962 9362 300413
4438 3558 351384
5928 617 2241841
5350 1635 720064
