106
9689 5616 42858
3354 1467 6166777
3347 5939 1676067
5473 6191 1968695
7932 6458 1743619
5010 3453 409928
6003 3475 1800254
9969 7693 487663
1193 8478 215182
1265 1119 313932
3022 5040 43043
3329 5243 307428
3423 8496 8766
3585 1203 347062
6146 231 30813
5380 4440 2250899
6127 1875 1522904
7854 4189 822262
1678 9549 1156745
3252 3951 805672
7009 5875 2532207
8633 9327 570845
9474 6550 1400152
3122 8133 253926
5266 5996 42396
5389 9741 406332
1562 4233 517599
8202 4103 269146
8342 8098 305327
3293 7797 997872
3793 9220 4339249
6119 4799 202169
9234 1951 1540500
5061 5368 3832
8346 9336 31045
9464 3498 94911
8935 9070 114772
7610 1967 844076
5295 5380 2857681
2354 4827 605221
7004 8669 475143
5531 465 148931
4450 2000 15853
2584 8749 149205
436 2651 639754
8357 5553 293699
5265 1336 1342713
8365 1531 220618
3353 1691 811398
7464 144 3609325
8911 4028 1333834
3836 2062 327217
7894 7611 202337
3500 7394 1735572
7159 9190 1856327
8369 6570 504424
7556 4052 77773
1065 6937 1164492
7807 7092 670176
372 3683 1639063
2808 8592 373921
7668 8892 1282892
3989 845 298675
5785 728 459383
5182 5295 2093429
1713 7878 605292
1971 6110 377644
8634 54 925632
3991 228 241774
7848 2317 126541
8609 8240 1407404
6418 5588 749300
8369 9947 700756
8047 1287 579759
8485 5061 2552980
4455 4238 271920
3246 3470 199808
6079 5344 2731661
1521 3040 348119
8373 487 1009702
5428 7020 644184
9177 9910 378299
4450 4448 168520
3895 6134 809538
1968 1603 2016961
6137 5711 715497
7074 8372 567128
1917 3151 1169070
9895 3119 14163
6499 7953 3296594
5926 7521 1763988
9091 3435 1278903
8893 7944 166508
4160 7529 1711915
4167 9568 274352
3896 6331 1520063
3298 5578 726763
4702 8985 29933
3317 3786 112063
8913 8174 2027947
5376 6124 128625
7320 5688 735976
6282 5914 1206754
775 8009 867084
8910 4310 1014229
5158 6517 2050670
