56
3529 3671 775341
7912 5872 325095
7948 4801 1005087
5888 7621 3576864
5754 9224 2086448
5566 7116 416325
9971 6452 2853529
6731 9220 293080
667 8026 401493
4169 9124 900245
5469 5360 5090
1043 440 713618
7952 1028 1420006
7794 3242 18712
3729 4825 3084994
7987 4971 3903697
7164 8826 193374
5263 8751 1836200
1614 7395 1465062
2616 4442 1880277
8174 6816 527200
1403 5847 1414001
8229 6090 3107040
2538 8342 4300384
5654 3141 85580
4210 7336 491072
5561 9608 1305523
7717 8554 249950
4092 8780 1815116
5775 9529 3605036
9140 2467 685132
9387 6118 346987
348 8277 5240058
7497 4964 1104566
6459 3479 1586768
367 2078 3387372
3075 3719 616237
7528 5981 79427
2361 5114 1346323
3083 3596 5025475
7294 2536 4241583
5079 4404 2378876
8749 482 1711686
7704 422 599843
5418 6542 5472407
312 4509 2206878
7613 2004 3169172
2276 9392 15333
6526 6354 421362
397 787 980625
3429 745 2332041
6782 3596 4228767
4768 103 5269450
2002 3979 1043706
4921 6046 388198
3481 1098 2066289
