89
397 2770 408317
7081 8461 3164666
3082 5814 289217
5334 3954 224167
2943 673 245005
8787 8993 1650
4947 5359 2477987
8345 1302 3595834
1488 1750 246791
8962 3427 3090191
15 4756 920553
3920 9376 762210
9097 8209 249332
6144 848 869025
2204 6675 2626196
2252 8870 1467431
7287 4433 312166
3207 9301 3681371
911 9527 28606
1184 8100 501051
272 1096 453086
3909 7332 527401
9123 9455 5316887
5744 276 1186185
7795 5323 1179940
965 4610 740223
2698 8383 685488
6259 8027 172288
5161 4125 1104773
8273 541 605071
6925 895 357608
8865 6196 10539
3075 3073 306740
1695 9091 10712
5931 9724 206281
4206 1077 2130456
7969 1081 22409
8606 1136 992136
9464 1609 623525
4919 4388 5342457
6771 1817 1060998
7807 3515 357138
9970 4664 898175
1195 4325 1010020
1800 4713 258480
7866 157 2299001
7172 3108 1725756
6296 8538 774787
2141 8081 2288668
9773 134 1648408
9273 3469 378802
9234 530 592800
5180 1985 2038642
7082 5071 700547
837 2224 71392
4488 1798 483036
4222 615 275390
3394 4463 1455543
3250 4778 1867637
962 6396 1060881
3502 3398 528349
4972 9837 294500
5185 1233 752903
988 6302 78014
1622 5918 2516235
8740 9094 61108
6360 172 137098
2062 7181 1600673
6308 4499 2065811
4340 7160 1328085
6819 6417 163858
1899 6696 3651345
5117 9236 1487560
1590 2020 391444
715 1416 342660
6411 2069 1460662
2802 6850 1331356
9575 3322 884477
8378 8903 336223
9845 3540 43843
5293 503 848566
3911 4633 739256
9977 8474 691143
4234 6949 216292
6475 4236 88602
2367 4216 1058937
1604 4071 1458049
4644 696 6994969
9938 7736 65910
