77
2849 6565 510821
1250 9442 835251
3332 6579 223035
762 4578 17533
8913 5457 781150
535 7146 422322
2854 4167 1956152
6753 4937 103216
1464 1314 3298182
3316 9024 380985
3579 2031 207619
451 4683 693305
4230 6819 1168913
7850 2226 784468
5027 5836 7186
9857 4597 1170237
3553 7869 65646
371 5500 729707
1242 1507 118381
7296 9723 94622
7207 7972 3089497
5388 5326 1728045
7781 8901 4844876
1681 240 1959389
7041 2767 1928695
2808 7209 1289268
4612 4646 322070
6146 2277 1435714
7171 1855 846478
9766 8475 1125211
7183 5502 2783364
1954 487 2868358
8657 4823 690419
4841 7932 1015860
6519 164 50645
1713 2015 3607332
3627 7814 608140
6085 5194 199576
3941 6639 385828
285 312 962781
7837 1018 62315
5016 2683 1090659
7999 6194 302722
3144 9110 660879
720 2959 2119027
2791 4381 487597
5027 2892 669057
1820 2478 1352284
562 4364 492177
1206 1922 2822538
6356 3099 179127
1281 593 1712196
311 1642 546425
9160 7970 615568
43 6908 1011871
8198 8624 2847767
3312 8831 271743
4658 1022 2007588
5309 7841 651019
1466 3881 2758707
826 7727 76598
4550 3453 990251
9046 7341 8998533
4847 7048 209899
5692 4017 1317971
7559 590 2056539
5251 1221 150761
2251 9923 1285245
4067 3249 1323610
5560 2166 1256440
2352 4198 2631024
7644 578 3258093
153 3295 1972964
8873 6689 2489100
3603 5875 816824
2012 3249 1047620
2524 2483 2146985
