115
8808 8262 2923495
4268 5491 524122
6322 3773 23353
223 2889 53913
1418 8050 1684038
2401 3400 919495
184 4362 2112999
83 7889 1758070
2198 5667 33720
3362 5664 1062111
444 5444 140198
9673 9079 715286
9172 274 1650465
3760 7117 810540
902 6035 1619869
5424 1144 771749
1148 8202 825350
1311 858 263857
5146 1759 111726
9708 2800 2310051
8920 1713 134352
8704 4303 3235857
6525 4957 467191
1680 5068 958079
7735 2392 1345947
7234 5079 1064201
3341 8969 270852
1886 9529 2166591
6374 4077 1575949
9443 1254 2349357
8151 5892 442400
9407 681 1442378
760 2115 1367371
5130 5917 2600205
6608 6956 2328531
7317 5123 403227
2194 7091 548186
273 2721 18144
5825 1538 407958
3729 4762 2877733
9729 5148 360501
4188 8879 1076116
7177 2588 3090
2651 1284 234581
2343 8929 692398
3031 5658 2009936
9150 40 244522
6874 1902 2990755
3107 1733 1305193
8226 930 931894
8843 6588 1176307
9511 7430 2195994
9114 3569 958252
8785 916 217270
8070 4644 744637
9394 8178 506275
883 3796 1386644
1804 6650 1154921
438 7934 1188980
7829 6844 1092851
6290 7169 1480887
198 5223 183776
8121 5912 178533
1616 3599 1330035
9859 6572 302203
9181 2918 921849
72 4142 249710
8893 420 224699
9761 155 916928
3861 5818 99056
1988 880 989187
9487 8481 402275
7141 9623 279189
5431 2642 762739
7229 8345 595188
9123 1272 840317
27 1948 849270
1742 8680 363047
752 798 173096
9988 3509 617398
2153 38 341355
7634 7130 344281
8360 8480 992021
9093 2604 50843
6952 2086 426913
4254 2286 513157
3211 1964 235330
2421 9582 1042152
6390 4339 152382
8775 3949 359335
891 8318 99114
2706 4396 93495
2721 5283 507847
3628 358 215859
5398 564 23415
7585 2277 107096
2597 2927 339628
9050 5317 2461625
544 8542 133551
9850 5006 740437
5793 1427 64055
2903 4408 233076
7201 1079 1589799
8419 8586 1434739
248 5030 2315961
4849 4569 3124390
7346 6933 21937
900 9566 747533
180 6660 478068
6379 5902 1265556
2168 9725 305757
4548 3268 71280
5886 1397 196101
6395 2657 269201
9872 189 153296
