52
9219 7017 4495157
1001 4076 132625
5741 3706 1614527
8657 6704 750788
9492 8709 733570
5643 5854 1768874
1061 6877 751135
1596 1633 480735
6259 9841 4303690
1058 1533 3334245
2499 7648 12279
7000 9599 318770
3074 3978 612697
6055 579 57304
5827 1890 1159787
5722 7883 2578666
2176 2931 180166
6121 1598 389735
4693 8507 5809859
9602 214 3884817
3049 4744 652326
1868 6296 3061349
3836 9625 10099166
7740 9146 4794699
715 3839 1439088
302 501 1863049
7958 3179 2264660
4247 1923 1617562
1195 9629 1109620
7041 6996 822127
9511 744 434871
6054 8993 5238648
7581 7623 2307246
6716 5316 2871181
8506 2445 72822
2310 1393 677384
217 3828 605065
9274 172 1981396
3868 1613 1495303
1728 2240 3084957
9208 9297 296092
1087 7779 142350
7895 635 24029
403 2100 4100994
1018 5636 870200
8093 8729 1721508
1186 7513 5801218
679 3958 1990636
969 8250 283552
2219 4541 411607
682 81 1285042
817 3162 3210827
