134
755 6204 1190439
9943 6975 683988
9384 6655 351251
6256 5916 4282084
469 2044 987688
6907 1465 514948
6829 8551 125555
5914 4946 514199
5544 4669 89418
9623 9171 657754
7885 8513 50682
1152 6732 567251
3527 6014 21309
4468 964 31859
548 521 102443
7482 6821 2702201
6296 1095 164869
8315 7577 2009973
9589 7126 448581
6249 1419 822174
556 8152 6399
7171 9184 1075555
8350 6748 714355
5773 242 52718
4879 6174 561532
3553 271 535167
4647 5675 974429
4511 408 926654
7181 2834 286065
211 5761 1604052
4196 9708 868277
5059 4427 416740
4632 2459 180366
8205 7145 500968
9166 1539 3113542
7576 8080 1278330
2293 5375 1208973
6898 4077 1392981
6848 2674 1287106
9490 2423 761672
1938 6851 10266
7314 4690 99049
3247 7563 118696
1012 1096 22935
8088 6622 596818
6161 1340 955854
887 8812 1339095
3276 5089 142263
1583 1509 4420
3546 73 713132
2326 2321 383801
3057 8372 936595
1122 8769 361241
4423 5300 60351
2944 6066 1478182
6764 5307 1472747
6290 7126 2798660
3032 3041 1367181
4153 182 2437214
9066 4207 10995
1694 4996 318679
7493 6335 1364029
3338 7954 481725
110 8129 768095
8421 5370 814116
1903 9581 395200
8629 4823 138110
1381 6248 16342
8435 9511 218616
4741 4920 445095
4767 8360 1412170
6347 9112 2539234
869 1414 1202737
8343 8286 181120
3128 7124 43625
9880 2642 746353
6010 5641 260430
8525 9530 91234
9652 187 682023
9413 4090 515613
6475 1950 209897
1233 779 371554
5698 2264 553317
5800 3590 950916
5999 4570 127058
6711 7374 496549
1101 5292 1085087
6468 9714 649536
3634 2782 195780
2550 8374 1086472
4687 3203 678416
9921 1736 137146
6452 852 54456
5839 4487 161544
2858 2601 765929
9117 947 922061
5539 1464 1050219
5849 844 1059746
6221 5224 729477
7914 9865 648811
4611 2279 193020
2248 6122 400345
2739 984 663370
4080 139 60840
6524 5503 321017
421 5185 1645266
3045 3675 132434
2658 7780 999904
1809 1299 364354
1689 7168 684651
9157 6727 238451
1037 4080 252489
2369 759 819674
8859 3612 413093
3834 3290 764099
6630 8801 287110
7573 1166 82906
7401 1591 207607
2565 4410 2999431
2297 552 903563
625 1669 320164
879 3123 1011043
2672 3362 283028
2895 6541 1928889
8284 6922 53705
1887 8367 133073
9133 4059 971261
4325 1554 2224020
1796 7240 303265
1556 8542 900862
119 6872 1751506
197 2279 522220
9148 2884 279036
3677 4428 2941745
