133
5029 6420 120032
3855 563 336154
3472 9055 939440
3972 9178 127185
2558 5896 317518
378 1447 2476213
1983 380 933514
5245 3973 344165
997 76 243293
9388 9080 475441
5675 7118 916059
5699 6309 1317835
5442 1533 195463
2350 9954 219053
7763 2165 646488
3553 8730 983770
7595 7537 846081
7382 6177 299442
7308 4539 236494
7260 2192 173030
9268 8957 659057
5101 5049 3602090
7849 134 1368374
4552 7834 775666
5775 4945 896068
9233 834 641826
6459 5692 319958
2189 1203 792521
839 4808 1768505
3374 5236 92855
574 1311 64992
525 4712 1655074
7672 3346 940941
9253 7721 333552
2286 7078 152703
7389 4710 1400097
9059 1285 331915
4758 7909 50781
983 3845 471020
8720 4036 707846
3426 6425 1815936
3305 5662 718031
8759 3909 65632
7416 4925 299727
7158 5092 1070348
6054 2893 889279
2203 940 392964
3686 237 223888
9156 3695 253226
1661 1937 667602
2181 3610 328776
3358 5232 621779
2932 3584 358633
6269 8920 930938
6581 7412 911497
123 3689 837803
2127 4306 293004
3278 2572 128781
3359 2929 825918
1122 5234 174838
5377 6755 668007
4851 9559 47993
7810 9164 615771
9083 4237 815193
259 5742 1008793
5887 462 564145
7260 5323 809159
8411 1538 4111296
1744 553 219258
5091 3279 240058
2968 9783 1094294
8779 2903 878049
137 845 1111253
4735 6752 773567
6611 9813 955978
1421 3419 119298
9725 4321 2785316
2856 32 1035998
7005 1910 143320
3339 1081 758313
6770 1869 1884233
9931 7594 1150753
1784 3531 813502
9126 2344 336610
5742 5542 597661
6062 4975 68166
37 5729 30456
7137 6233 825944
6096 3359 1724774
5324 7051 207458
8331 8903 2864327
7299 2616 624902
6663 5640 616887
389 435 1318963
6016 794 744562
4250 5251 1214028
6440 2297 2108460
681 3506 362772
7898 8378 237271
7505 9268 2125482
2002 6858 1358973
7260 8366 272989
7547 418 958551
5194 7144 111619
9925 1868 217277
7268 2445 170265
6785 8915 634586
8032 4501 155393
8492 8979 1829329
2252 1535 2413868
2109 7480 892753
5147 3546 231792
4848 1331 158255
2688 7244 10499
4837 8847 1525651
9470 9433 659111
1733 7536 237890
2496 5333 428083
4515 6788 585432
6262 5756 205604
3188 8504 187681
7196 5818 44319
7707 5740 202270
6070 2956 201318
4196 7072 296602
3806 7246 2080320
2837 4350 1247858
1945 7648 1043237
8867 3371 350730
4602 6973 652642
4497 8378 814104
1799 2827 75390
2477 1249 152228
