181
5837 5614 22788
3532 3607 176939
232 7831 200815
4359 7087 966340
4211 334 110561
4128 8044 402417
7423 8583 679835
1900 526 211072
6570 1565 193659
1503 7803 62784
7739 9987 169645
4655 7921 277354
6956 8056 225514
6843 1386 141604
7505 8950 33645
6714 6983 387930
7247 1118 68973
5697 616 645812
1742 7701 161606
9195 4668 732570
1709 1577 40047
4124 315 244204
7421 9765 270838
4111 9729 63575
4284 3584 335473
9044 6947 504088
6740 9161 1302680
1127 8796 857593
2435 4191 1811309
236 5095 2334457
777 2122 47379
2433 1979 148304
8915 7376 149674
8466 6339 1610774
3390 7983 419971
9885 7398 410748
4931 1865 571084
5259 3690 1103633
6610 8902 85318
3496 9236 242148
7872 2751 798542
9791 3386 475786
1493 8086 86973
684 3440 305787
522 9666 1123397
7742 6046 573777
8464 3391 82038
3396 8754 786107
5222 8401 68327
3772 6595 896658
8631 5755 337924
3429 6599 731547
3608 9120 450623
4082 9489 88143
2267 9110 806553
9814 9413 35338
6655 3312 1739881
3593 3920 1144958
7440 7067 10955
1282 4833 44784
6337 9892 400476
4957 7434 14237
5442 5114 456433
5459 6126 539221
2811 9694 436916
9168 2011 177749
1914 9123 299882
847 7429 2195033
1363 7724 25406
4962 4509 1041290
1831 4171 466346
3271 8616 1504592
81 5469 337637
4333 9896 248408
981 8479 1580147
3693 1787 447127
5616 8602 973914
7376 4838 691197
1962 3914 430124
2507 9513 610999
4500 751 152668
1365 232 1179714
4320 9182 201365
6791 6243 637628
3880 618 363280
8623 6762 178693
1901 6275 1318782
3278 3291 2104224
1549 3002 86101
9560 4410 259109
5730 5187 151817
3424 7058 697269
332 631 1099852
5373 6158 225887
2338 4192 383324
2962 5451 1392991
6220 3514 2887941
4259 9683 794367
346 6555 680741
6597 4306 53414
2456 5095 224237
727 2077 16963
4174 1922 305987
9437 9668 24029
645 2222 534070
2435 3556 248560
7289 6398 764123
7576 9829 497873
7908 21 772562
5651 6657 287466
353 1207 599932
8884 9362 458494
2096 280 1087387
6257 3261 194161
118 8604 1321584
1840 8676 1289202
4890 9791 434526
1932 5167 360173
6851 8914 158497
925 6382 141790
2453 8902 266846
1015 8417 1845572
9116 1671 1437682
3059 1505 950446
2640 257 903380
6568 7237 1530101
5798 6913 603525
3860 9994 69393
8899 9405 2786285
4582 2504 1118047
5111 9463 988655
4126 622 237840
7426 5138 216964
6977 3811 71468
1127 3608 83447
1941 9941 640763
4492 5575 241469
1900 7935 219095
1500 4365 819457
1126 4040 1277785
9320 7877 351968
206 7672 25150
9688 9832 180573
562 9812 348445
8905 6135 525061
1732 3010 2965
5234 4749 153912
1363 1500 440643
2259 9668 13517
7808 8256 41140
5912 20 112319
2565 7929 20697
2473 3912 149561
2709 4590 1185018
2433 2589 24706
8939 4111 68924
7216 7370 821652
834 8967 30807
4542 4887 396079
1812 4730 312527
5297 6046 1782884
5635 7914 232236
7240 5060 120233
1037 90 185185
161 8486 402499
3646 9793 833835
8811 9643 95851
2996 1154 255023
1680 6053 627217
5109 5211 1147525
1245 736 124771
8070 2697 610280
7151 4087 277650
3878 8548 1156973
5917 7006 643389
7703 4592 672021
9671 5029 990212
8183 2389 1092042
1580 3259 300008
3171 6868 246004
4271 7735 229103
