84
7374 5599 138799
7916 3691 124128
9636 9419 11313974
6769 8981 586143
1451 6851 313477
1812 7229 644257
4911 8146 135202
6977 7907 3310546
6800 6556 1265121
4764 7153 1322164
4482 5145 1173971
4106 6734 395215
6272 141 1297202
4556 1574 718827
1180 2163 1039766
6785 5325 516741
8527 8293 1612453
8784 1857 389038
5554 626 702148
7727 5281 217541
7500 4386 1436812
5258 8271 1245913
1003 6788 101671
9755 569 495484
9164 2551 459173
2515 5333 2956981
188 4336 781562
9640 7994 1078666
2153 9228 984020
8419 4069 993017
4377 4870 2012931
5607 9938 2902763
9981 2381 1025262
8066 8974 3082616
5006 2336 1508584
6477 7934 2135476
4946 9727 323435
1164 6061 834819
6383 9075 817842
1489 659 834152
4443 7214 3214747
9374 7818 1004164
1661 5902 130624
5313 0 1620054
2239 8111 566705
9030 2129 662076
3075 1286 3780453
3721 7804 598611
5879 8321 65654
3877 8414 834787
4465 8704 927791
4785 8331 710569
4886 3926 1856017
9686 9822 248258
5330 5548 417659
4477 4262 1123561
1442 8282 827347
6908 9329 113053
263 5806 741357
5351 8366 2335554
1291 5688 1296241
869 7996 5080620
6262 7316 406547
3451 5891 59765
4924 4091 440577
1112 902 387356
8320 2883 1766046
8597 7579 507004
1253 7889 411646
5563 3906 16061
1567 8872 84162
282 1300 5338231
8412 1025 826592
7943 8211 195569
8618 2435 1923354
8702 8747 347646
1119 1727 103539
4494 3539 1605697
6958 5472 504675
7031 3189 726172
5920 9816 1122528
239 6255 646604
3253 228 516688
4676 2202 679747
