103
3376 9311 134002
1523 5409 1244046
6630 8583 399974
1831 9642 1076911
3407 4971 2686266
4953 7369 475519
3333 1602 331550
5084 131 461498
2860 8524 36014
2871 237 756763
6427 6309 789804
8495 7997 73802
4755 8253 1060511
2401 976 206052
1003 1264 1741275
7222 733 178789
4723 4180 1327079
4583 5683 323272
5849 9675 540089
1183 8589 740086
7753 374 464982
1413 9294 2668495
3860 5757 889472
1616 7042 470965
9884 9740 2664459
624 4296 47062
8105 1085 637237
9898 5015 525269
2685 5600 4018160
3586 8631 2465964
8170 8586 1345741
6314 1800 255048
5818 4933 957965
7585 3645 598287
5527 8106 352670
882 6841 2876400
415 1045 722638
3214 7606 43758
9695 3797 550965
3114 6324 53619
4496 9092 2260512
6409 49 1482394
6198 3536 349341
3402 622 257019
4718 6931 3476394
4895 1745 1967790
417 9177 218475
7884 6308 2021873
6218 6876 1342992
8109 304 494149
8891 4167 4305836
9596 9312 897112
6395 4725 945074
5973 4780 740605
7734 9402 207843
5450 8516 771380
7412 8911 1746242
4226 9660 4173496
7148 8564 256155
9899 5402 2142979
9273 3278 462840
6123 7908 183347
4182 2952 991760
8796 8222 981170
6337 448 544551
2122 9018 1441141
4288 1675 257809
5561 7968 639361
4426 9258 1004741
3094 1270 651903
2834 3726 1847392
9744 699 98615
4402 7059 58791
7323 9260 117112
3961 5107 114761
2246 5980 589562
461 9470 3736
3718 4934 3008433
3015 2284 1711901
1270 9459 724322
6192 1307 39600
9722 3129 3857487
9058 785 1117558
2315 4850 73994
5757 389 167690
492 7177 330607
144 3795 730605
5293 1821 229561
3205 9244 91209
9849 3292 595244
2480 8181 143814
3471 8289 28730
4461 2505 1233705
4015 9813 520000
3246 271 157799
345 2213 1748431
2516 1716 1111893
9437 3034 855684
1415 5207 74109
5065 9198 218158
6426 1143 542048
937 3997 508495
6328 3166 2940212
