95
9373 5561 24521
8121 8577 53524
2061 2257 360026
313 422 1487892
6658 4987 69727
8579 5650 1839007
1311 953 988830
9258 6594 378321
6951 9806 1191089
4697 3346 247514
8581 2075 3317654
7948 1332 400338
1266 3561 1665607
128 8574 554142
3587 865 1649756
5758 6229 184527
5189 2193 894141
2113 5286 1122296
4266 4932 1267807
9277 8800 1714955
5942 7462 1012579
2914 7040 61453
3089 166 53235
1538 3386 4442149
1811 4177 138620
1151 5387 1229270
379 3956 1005490
1179 8256 15013
5937 5846 1171312
1153 8316 1206427
3442 6748 683255
6697 5507 2360505
7783 3496 1598441
355 9920 768840
7420 7056 55430
5962 3772 4557389
2499 5035 1171605
879 271 914211
1201 7402 56131
7853 4075 392705
3668 466 5845
1989 3422 14847
3194 8073 3283765
8409 4306 614489
9657 9820 68376
619 599 3681187
5389 3993 3084401
9022 7350 16267
5966 1703 201804
2846 7296 131157
3010 9139 357728
1892 4923 2234161
6666 2080 1190286
9247 9250 191647
766 5591 2186318
9079 5975 1615636
7068 6752 964105
949 8374 2132350
8103 3389 552350
5223 3614 1466521
4083 1581 157508
3131 4299 402450
1763 8220 1297006
3448 3264 2545169
7420 5305 2125949
2170 937 624932
6323 8861 132380
5487 8077 176975
5655 8015 737795
6880 5507 456327
7772 3265 1999402
4670 9988 435656
9931 3397 923136
4113 1883 1575360
9778 2341 1451736
806 6641 58170
812 478 192066
2926 7774 1404716
2502 8711 2511663
6214 8571 801505
7368 7847 381029
671 933 2244307
6003 850 2848294
1705 6187 1241114
9051 2670 1601362
2799 613 223625
5652 9660 239505
4735 4339 1125525
3792 4913 247305
6535 9938 615281
7879 8292 879563
2219 2113 256985
9834 393 1254430
8715 3485 404116
6825 6824 128684
