79
6117 5218 139952
7432 6838 1736376
9816 1191 257416
4880 9700 2838288
7792 2685 1842194
1709 7957 537823
4837 1517 753981
2156 7080 309431
5172 3732 781267
8310 2172 1968280
4687 9394 1489102
1801 9010 243944
5584 2797 243662
9874 5879 1575013
5744 5726 3206961
5983 7562 920515
8991 4054 161098
2954 7610 11105
8246 2238 1214222
1835 9018 1431654
1847 5216 1639928
1834 9715 3196578
5789 133 711199
9833 2095 37685
5831 4712 1405131
3381 2704 294600
8897 2840 1479317
7029 2336 1883002
529 3688 89422
4557 9878 644203
7595 2836 93038
8689 4264 1924900
8023 8096 3345925
1384 432 751452
5942 9211 105439
7189 4416 6731799
2345 4347 1811330
5620 3686 2014144
4402 6182 2136940
3399 2051 2743288
4433 7519 830377
5128 588 1260862
2030 8263 774896
1934 3478 2394027
2589 6585 912677
6704 7603 2414997
8404 4155 789249
1916 1648 1398184
8967 2011 117461
899 5886 3347650
693 4720 1000281
4643 6383 242629
453 9712 74663
0 4385 733791
726 2096 1915657
948 8586 1351269
9538 5186 954548
5328 4815 942110
9069 3195 1135475
2630 9528 956970
9046 3848 1732943
2734 7090 77967
3014 8446 104766
299 2078 851048
6232 1581 1857793
1594 777 1182557
6185 564 402879
519 4684 3181530
858 1473 1429502
5059 2651 996831
1681 4751 179231
8755 9297 3356116
8962 2770 53179
9712 3600 724711
2067 3609 764829
2753 5379 1114405
5882 1010 557501
4614 4063 1368300
922 8707 1814535
