93
3347 59 962201
6484 6196 514996
1310 6734 301287
818 3123 1711763
557 4953 250468
4537 6095 355149
1383 5856 2205036
7681 7702 629384
3662 7271 226111
3875 9971 3788247
9362 8750 396017
2528 7023 550238
9264 2698 1134646
4962 9710 652115
1625 7864 585985
6574 5690 38817
4160 5146 253896
2907 9305 998566
2721 9688 895944
1634 5511 716910
3209 6742 2093633
8047 6211 630095
3318 626 2441
5235 3679 1536192
9618 7994 1291498
5007 9405 1040633
7511 6882 1997075
9380 678 1147591
3870 8247 377869
491 373 167872
3638 6321 1940133
1477 8733 339110
5916 6457 1264656
2843 278 304498
4078 7484 1257206
2937 7268 3844604
6739 3555 2127051
7035 1958 4123418
3348 8923 461070
3576 385 1356
1720 9955 2813176
3405 8402 935734
9212 4527 886972
4892 3471 268532
4372 506 1315966
9258 1868 1788203
2826 2367 1245841
4166 3749 1204870
2989 9292 1431843
2522 1243 1510171
6599 4658 221070
4953 572 14460
5190 403 305120
844 5074 1848858
2834 1134 120269
8208 8087 581332
9005 6181 2153578
462 5578 1674505
5032 1583 350186
4317 6830 879664
6578 2633 107710
4222 7048 171742
6506 1805 113731
1476 3452 1669803
7147 8201 375322
262 4492 155493
6235 924 270271
1592 1256 628584
7209 5547 427499
295 710 358324
4904 3821 218224
3192 7423 528860
6938 2484 1217648
3790 7057 9477
8720 4438 1515951
8640 5041 369802
4941 5734 4787820
3038 5596 548308
7729 4474 602648
2155 272 1013042
3825 1661 1148045
1847 8337 2809381
4391 7552 743870
4420 1560 244598
9410 5303 839897
7067 5743 123945
7922 1760 7352348
7501 674 274697
1227 6237 1776687
8086 3535 1571578
8145 4549 182472
9704 8856 1192052
6052 7041 1984044
