139
3112 4348 180527
7571 7125 763732
8659 6982 43279
2753 5106 322551
9161 7668 2336532
1238 6348 856135
17 6947 141133
7416 8876 210651
7162 389 376934
1799 5506 1268117
6447 5965 1208077
1757 4450 376079
8074 8787 129983
9854 6197 550230
7070 1430 1182503
8314 4162 545521
1751 8557 454787
931 1181 1502440
4104 5691 93767
7626 4985 797269
5213 9820 238593
9663 3208 122545
3603 4197 1616585
7400 8662 734394
4109 947 34303
5995 6617 163653
8440 7241 459432
1862 1958 2840029
9150 1235 24093
6807 2985 547531
8319 4739 231589
4117 8076 875645
7606 680 192543
640 1452 1100891
3170 464 638905
9976 9725 676925
1885 8835 518299
1012 4023 2284076
6323 8755 1644099
9669 9382 2186446
7906 5014 3887873
7881 6240 2213723
9202 4549 1855589
4020 8280 1192
512 1491 215016
8372 2094 65051
735 956 2610962
3887 1404 806767
1294 9443 1938752
8275 9546 146340
4083 7991 765079
769 2198 512214
4283 8054 4666
3572 3952 568329
2204 4726 51114
7515 8339 562294
7814 4152 655398
4387 5905 3680477
4513 5776 190288
730 6940 1442704
4926 184 1168247
8003 2870 1342269
493 827 202239
6612 323 1328854
2960 5897 1532290
6854 4406 473226
9961 7191 1512266
7385 1706 778199
6763 7536 156106
4947 3579 870415
6003 7662 615517
9388 5948 329848
8009 1085 461693
9848 7020 413997
8631 4632 851990
7719 3456 1001104
632 2251 624542
2893 8425 290481
1744 3413 577891
2983 7399 240791
2216 9411 24874
5180 2992 180654
7423 3085 194549
5034 5707 221164
8246 2824 36187
1682 6518 614844
8573 4154 1063885
3663 4695 179879
6648 3989 972125
9232 2587 790519
2375 5972 378182
3894 527 469225
6731 4248 853049
5050 2992 548315
1943 6239 1226785
9343 6584 394926
9570 4856 766762
7577 8579 147447
1387 4274 800209
5644 2635 622904
7019 5251 108874
8113 3511 1830013
7177 7195 770052
7518 1587 758075
9310 9926 309298
8698 8560 42908
4789 3763 528390
2126 688 1463290
8495 7580 597349
7230 7444 74245
2173 8252 1060647
8868 6271 213071
1772 4945 605088
8314 9257 735872
7869 8869 1676632
4756 9359 1919299
7358 294 60831
6913 1806 163491
4580 3700 21201
2869 9366 91338
4178 5816 416388
9233 8717 308526
165 8130 732986
8653 7500 246362
3990 5972 68660
1827 9411 1000439
3309 5981 205783
3561 2844 56531
4407 6037 733192
1572 7495 299244
7754 8351 333043
9471 1927 594172
5881 3136 150807
6179 7749 470094
9287 1285 1945394
2734 3412 257035
7502 8755 1077956
9784 3680 21947
4021 1864 148377
