67
2579 3240 1250131
6095 6995 1259217
5563 1271 781112
6993 2956 1876652
6098 5294 1120857
1220 7457 22153
6181 7805 159230
9098 2524 3263711
7136 9192 5601173
531 8792 602898
398 4323 237040
198 9612 2589232
6728 1182 765141
1632 1251 41268
1302 9857 1109349
7674 64 1663977
4317 9634 1031023
5389 7857 754675
1730 2058 65698
9574 3406 4005644
9277 8046 388257
9385 5900 2398379
80 8076 250096
7288 8749 420349
5031 1134 2233719
6181 1410 1401994
366 6230 1561644
506 4900 453144
6995 2017 261742
7086 280 839294
9901 8707 1846494
7246 3084 4825023
4895 6480 3489575
8485 61 2041884
8262 1373 2378593
9912 6718 553543
8321 4191 988376
6461 8419 3079707
5925 64 241305
9273 6583 618931
6926 3073 3263078
5360 8946 2593398
9715 7243 2693140
7782 7219 1745560
5126 117 3074082
3720 8379 2788647
4236 9133 235381
4930 3492 643124
7191 6258 742006
2346 4180 1102877
2642 8407 1848395
9457 2598 16078
207 6952 1250915
7602 5746 2054199
832 4487 1753541
1848 1155 879650
3918 2081 2856278
4322 5019 570752
2022 267 2353015
9550 5283 482237
3250 2770 1582718
7017 5075 8454
5408 7973 357572
9775 7544 919284
2798 7460 1842295
9318 2624 2132006
2038 397 1739088
