100
829 2712 127424
3931 911 301673
2639 115 1778
9574 5958 494345
7699 2440 24638
1184 3719 955236
876 6073 1091588
9890 9819 196599
2718 5337 715224
6386 855 262877
5035 479 292852
6164 1924 29103
3752 895 1315
5456 8016 862244
2033 2181 1096843
6492 5221 388430
9179 9267 387464
7971 8677 742251
1610 9528 720418
5717 6995 853876
8849 3038 380235
6386 7691 1524551
3322 4729 1520986
2684 1688 1509212
5742 2024 1003788
7151 4061 522204
3343 7265 1127211
7948 2774 697507
5282 799 1539470
6434 9676 2979637
8019 6479 1975403
6351 6040 658317
7680 9559 783701
8766 2817 1821967
4013 6579 115338
4439 3690 2087048
3722 2843 189795
9229 6219 5718893
4032 8058 174542
272 6380 2400006
5956 7802 1919542
6894 8013 1201578
6859 4401 3387674
853 7188 471603
3047 4486 63395
966 5062 2089238
1288 9019 139817
9555 4957 1680715
9533 5573 148718
8546 7054 314088
557 96 88329
7372 9020 1515537
4335 5872 1370065
924 201 208811
1086 6586 2009694
1310 4655 9990154
2039 981 15221
2970 9234 680345
9784 6985 2614666
8644 88 548593
8463 7318 98497
3601 8573 772049
4199 2699 90086
2049 2307 335031
9785 3932 269258
2340 1288 2067299
7755 5506 195548
4766 4755 44111
4326 9976 1281088
5294 5343 1796965
7317 3632 252348
7416 7296 783279
3989 1964 175748
3923 2690 484978
1503 4426 1793238
9124 4951 380755
7668 3626 1418091
1988 972 221910
609 311 192111
4600 3870 2621244
4014 897 262974
926 4603 8778
9426 562 257741
9036 133 1007293
5432 7768 189222
807 9577 2195843
7643 5866 919885
531 4849 175901
2764 840 2283743
6149 9503 381997
758 9591 896972
4356 61 1539158
6135 9379 109361
975 2385 1795865
3828 875 54604
5059 7693 161115
6177 5778 347417
6882 8413 456766
8742 370 1328761
3425 9881 1619198
