160
7946 6265 1914604
4075 6378 161119
5289 4723 1507331
5225 5966 1159228
4887 8198 294913
8884 1131 1288055
7286 2991 1358218
9170 1214 1428607
6602 1294 14643
3852 2517 486726
7692 7645 1955934
8826 106 469784
7224 2858 139433
32 8071 692767
8610 2663 86456
8687 7554 11554
3391 6936 147699
5876 7782 362096
1980 299 273987
7066 6177 734063
2682 454 133603
877 7827 1227219
6739 9892 141845
7224 4341 9733
6645 5063 488422
5669 5285 258967
8270 9169 53002
9884 2369 1776532
911 8849 454282
8649 7224 484743
5098 628 1925167
9416 9237 15682
9028 9446 117579
6193 1802 803401
7984 3497 69729
2235 2905 873879
9777 6971 672815
3641 1196 820061
9243 9695 1432179
7194 3913 1008374
5821 2279 1081654
1533 5071 764642
3656 9467 957858
6925 1662 664647
5686 2524 210359
2184 8795 1087730
417 8012 393981
7153 7202 1506186
5440 2021 1552781
5458 1357 801539
2810 2486 1353800
1731 1741 429368
4612 9363 113061
7304 6373 1253719
3563 3712 285345
452 8487 627864
3548 2911 173742
4249 1505 1296657
4625 5871 1192761
9597 7390 281783
1583 592 431479
3304 8893 14960
3538 5166 352395
3063 9153 101498
1908 4901 1155468
3865 7020 1168600
9805 3587 479801
8217 3995 61274
4769 7946 238745
4055 3138 705796
982 9415 888469
6654 3810 617566
1680 3750 273707
775 8322 1868315
4009 4005 417436
2210 3605 495760
1280 9492 172541
1725 9111 330812
6225 4610 240405
7957 5919 495373
9912 7162 722787
7690 8992 335438
7794 4661 308945
8773 9930 89506
3551 4213 170389
8428 1308 825588
6922 6034 922690
2910 706 405177
1288 2234 989950
9461 4975 523790
3050 4740 1374021
72 8865 296208
5640 1022 499192
4425 2513 924423
7893 407 887011
9033 1874 83913
4744 7913 35060
6080 4016 608179
7562 9469 148117
1694 3556 122734
7175 6579 9898
6125 4328 570408
5046 6218 337393
4834 782 282708
5351 9791 57040
2927 3866 83969
4136 4755 505491
6264 6153 1239789
8519 485 353343
7315 207 1611089
4859 1300 810670
8123 2391 100038
8407 314 204956
342 2064 343583
8906 1176 967585
6840 8473 296112
4085 2981 755374
5624 3108 1265896
893 6284 159573
8168 6783 605902
3413 1675 306670
7351 8767 630929
1107 4209 24077
7185 597 101110
6353 4593 59208
4971 4315 237806
2037 5720 34272
2500 8816 242404
9872 6988 937896
8151 5289 1568194
6818 2515 920267
1179 3754 716580
5308 7327 295797
1832 6742 617808
7420 3010 162733
4646 2332 16562
114 9960 271451
7656 2934 222826
6072 1227 441775
1241 5803 555673
353 9034 59967
2909 3936 1071136
5155 4535 1071616
6614 3418 70182
374 6571 1652747
3202 804 1352941
3854 3062 314195
5392 5933 632730
9692 7896 2126354
2053 5658 1334672
2594 22 517463
489 2188 611538
9474 7666 1234183
4855 6553 92608
3322 4151 58322
2289 9816 173045
9960 1312 984048
7704 8668 1569675
4851 7159 1475873
3563 8880 604424
