66
8597 547 4743726
9935 3632 429269
1214 1009 637573
9920 7774 290898
3990 4263 2654091
3826 8591 873092
6970 7358 1781059
3687 3646 882257
2532 3562 798944
1748 496 5915681
5631 9652 532378
6534 2125 255153
33 1677 435747
1359 6690 479127
7683 2180 141016
5987 2819 2238872
6337 8343 781916
6438 7305 1042559
1687 9826 2994749
3283 859 126663
4406 8788 2815530
7486 8385 1213407
2765 2023 2362123
2113 6780 1800410
1507 906 2764336
2211 8189 4105166
9641 4123 1845203
6248 4285 1870691
9542 3222 2683588
893 427 405379
5544 1647 1795841
9991 1590 174996
1023 9797 2372756
8235 5474 506689
2794 1681 1097341
8487 1296 823139
6379 8889 3685323
1845 5752 773943
6830 3798 1496147
89 9371 2088768
870 1252 293093
3183 707 199013
1505 3356 445653
1294 8365 1152186
729 6590 301525
522 7874 3030063
3912 7006 3494591
6184 5914 151356
6710 7876 2983762
3364 8633 2171297
3447 2716 309407
2828 9196 1835141
6475 9556 1822814
7951 8063 1173514
4830 5800 2377403
1636 2873 273872
5592 2217 458951
9187 5992 1079420
3963 9816 322316
165 1631 4344391
4433 8420 410257
7022 764 183643
7404 1108 1829385
7446 192 2721855
5484 3363 88130
5881 4745 1831416
