119
7384 6311 954895
915 3900 1103629
4243 4181 1083753
3015 9960 468581
4126 2558 192564
372 8409 73918
699 935 149577
5959 8503 6867
6052 3960 301607
2363 3819 614360
606 4523 137867
9930 2379 1927983
7647 3775 279851
1158 8235 1803146
8255 6309 73854
2681 4057 1338559
1783 7613 274381
1459 7014 196945
7487 405 280065
4332 6808 4587807
109 5691 132586
8820 4416 302136
4292 1221 124344
6996 9796 780867
5062 3522 106574
3535 207 105987
3215 7505 24202
1674 5302 606309
671 1183 748020
93 8219 555364
5364 5582 740727
5740 1952 565973
9963 3719 1282139
4450 1148 1454113
7385 9171 2484516
5715 5643 1406036
8436 9045 1029664
3619 1504 147311
8547 8608 1536568
5489 9984 2335135
8072 5885 825649
4929 9844 273141
5368 8442 97370
7871 2508 872609
569 2085 400397
3937 7486 202627
9007 9250 569906
4595 8927 391034
4570 5786 867933
2111 6645 2156402
5380 6282 795138
7675 3754 144198
7657 3783 1689927
9524 5710 23776
5631 565 1233336
7539 8684 1171972
6163 5118 223182
3759 8173 1129155
5280 4213 230552
5132 9382 94905
2969 1392 2534711
8500 5807 20504
787 2177 1577825
7633 8155 1677113
6903 2731 8891
4344 7713 756988
8729 6181 253938
7627 5233 857594
8562 7637 173282
7289 4881 5186568
4632 9157 515735
7655 804 810150
3379 4993 223677
7779 3422 261104
6122 7724 43897
7472 4003 468143
9267 5905 963602
348 1551 513367
7743 2522 366416
1628 8878 57655
8349 4179 298351
7462 2623 7153
3406 7213 2350283
4113 6445 536913
5705 7139 237196
2525 7083 1198852
8963 9500 165581
6162 3228 122928
6470 2504 241775
9516 7151 344664
651 7506 184240
6544 8544 2864772
6524 5918 369704
737 8890 53953
6126 8935 302074
6506 5726 304181
6857 9771 1865197
5461 4520 1033579
243 3597 2865725
1513 9063 396653
5912 3112 1232509
1069 2375 492876
3189 1240 220422
7731 417 318917
2582 4803 646137
1778 302 1259618
3434 6571 254912
9537 8695 646049
374 924 536835
6504 9818 3078922
7239 8377 1632519
6118 7727 399544
2121 314 4169154
5052 5209 2384139
5434 3248 427121
5423 1546 1193649
2109 3083 569511
9550 7412 1103709
4214 4094 706534
