194
7994 1409 359855
6068 7557 806607
2221 4285 1601902
1598 4928 1694024
5334 1135 81544
3543 3402 441556
4992 162 301234
2771 5269 192654
6417 8124 20264
1460 9878 695834
3723 1043 392930
5104 6886 191079
5616 1741 356205
1374 1891 92258
5203 2223 336546
4488 8439 416544
1050 1618 205850
9854 1195 9144
2979 5349 52278
7371 1089 150012
5150 5900 32
7096 9064 625600
6089 6721 1881289
1176 4996 1328548
7090 5161 117055
3189 5184 1052184
8863 1044 2134115
2144 9989 259265
2459 7558 348824
5073 787 80347
4324 5759 756548
2552 7719 461431
5309 936 215044
6769 7858 235094
4524 6445 534206
6226 4157 49911
6985 4361 147272
6802 9205 285465
5986 7384 119711
5943 5499 291352
5120 8797 83406
8091 1143 2224741
298 1212 57113
3686 6641 81376
1193 7472 475429
9249 5946 874827
5378 5573 510071
3564 305 1274434
8122 7629 160480
1508 9135 148723
4257 3048 506767
514 8455 233928
5623 8902 189804
6694 199 225167
6106 133 126819
3261 2570 353361
8876 172 180320
3736 4995 251074
832 450 292760
4990 2275 44010
958 4052 229761
3445 7816 11252
5751 9059 132648
4726 2876 1111415
3762 9219 521534
7635 2365 160331
7028 4119 334744
4611 2971 88805
9496 2689 416555
7105 3320 792898
4796 9920 109106
8751 9145 631090
2192 1183 379833
4856 5823 264238
5062 633 292065
1961 1314 242131
2041 7167 385098
7041 8346 535432
1876 4391 216555
2361 79 292974
9579 2846 403147
244 8466 932064
3082 9415 3254253
216 634 357853
6600 6762 143143
9685 9266 269207
3549 2183 695997
1312 5921 844767
4048 153 360787
5070 3270 381829
3749 401 143098
5858 1865 301001
6210 3226 86432
6107 6608 1058382
522 3454 5683
3540 3169 1301287
9334 8598 30595
9773 2739 475374
5512 8199 422316
1321 4320 184775
4086 7686 288296
8590 7191 102585
5315 7792 266368
7111 8499 245800
4872 4335 1273738
8967 2166 873194
6442 5765 235483
5390 7033 264573
7437 3090 381101
8331 8355 458226
5411 978 362889
9334 9235 13066
941 9901 197531
1000 8977 70480
1580 1756 27699
9821 9063 221004
929 6258 289802
3596 1025 207947
6007 8635 345365
7398 2378 676342
3024 601 18444
873 7580 604427
5635 5126 1661229
694 2677 623828
8218 4742 1373643
5598 6136 578337
6807 5387 479927
9871 6449 748181
8748 8776 57953
8946 2903 43093
2079 5721 1795275
5504 3693 219138
8142 3126 228380
5054 796 2231982
5762 9952 976249
4183 9276 113451
6476 175 71795
8570 5140 445759
3408 8846 477158
5428 2950 242929
9601 6811 72795
9861 6566 1810491
6368 7423 164446
2276 1868 2049802
2760 6760 979922
5494 9097 1125181
9506 4606 1205678
6018 9344 462096
2180 4176 846706
7680 3629 258793
8581 4446 1819214
1178 8745 428713
869 2743 1281810
8751 5250 400605
2348 5446 1138685
8471 8925 863511
8720 3810 211281
2797 7085 402666
4245 9118 267423
7475 7580 1996385
1381 2172 228848
9302 5263 203794
1361 82 20071
2664 2359 13349
6350 7182 231749
6773 7156 681277
6298 8639 389242
5279 8978 329314
4933 7481 1902919
1012 9250 276035
9692 3874 208693
6450 4190 334246
3648 2519 841128
3264 8354 1120346
9802 1532 334104
3858 3929 1406987
6939 8111 122706
7650 5498 417136
4158 7029 79025
4696 2633 30161
8212 2086 403599
7688 1638 54289
6087 6956 36365
3957 6607 124103
5996 3774 247
5301 5844 62373
5459 1673 783196
6337 6535 679310
1368 8285 200302
8627 3355 1126566
117 4091 997988
9143 6095 378341
5130 7699 983245
7702 297 1003398
