108
9251 4009 131813
5961 1751 195236
5333 5898 2088953
7885 6221 490769
1813 9407 742493
7760 273 556846
1310 6106 407589
8301 1899 3155692
908 1083 227330
5493 6674 4168304
707 6127 1348172
3997 2456 2402106
21 9343 864742
6999 8533 658156
9049 6866 3352602
3206 6099 219706
3844 6333 227479
7899 7991 772070
6579 4381 81867
3648 2064 426213
4359 5611 60620
966 2027 238681
6914 9846 181508
121 2232 235660
5340 5729 7246
2295 7931 1221249
2063 1284 1540020
7295 3751 1030670
5805 348 443163
2616 3168 1757922
9952 3094 735552
919 8199 144151
446 5970 457132
69 4244 111258
2695 7239 457843
8113 1922 387194
4475 1471 854427
369 1901 554368
5699 5179 759926
364 1165 358690
628 3759 2453345
2193 5746 2001906
4883 4609 650468
6886 1231 212540
5126 1364 41010
8645 3648 713594
2228 6349 277985
8679 3099 241733
3410 7539 1368823
1478 2273 951634
8998 7873 1293008
6582 3377 376678
9953 4948 1085787
6528 3526 1011610
5008 7439 1347084
711 9039 308136
8791 6999 67371
3277 3358 221313
1267 5235 401439
2343 1390 162436
5087 749 459960
2258 2367 1314434
8425 7202 932225
5764 1700 189183
9645 6738 2728546
4979 2894 45120
6148 13 188490
5636 1657 2927721
8404 3987 1637163
4056 5119 2123186
7495 8339 2678121
4962 3183 227273
201 6306 1742016
4838 3917 3289467
631 3445 313551
9750 1927 1785674
8974 8530 112224
5864 657 196774
9420 66 408429
2206 5801 53325
4958 2563 1521699
589 3246 1553462
7984 2768 1440383
1658 9971 212733
7049 4567 47534
4766 9941 1018904
327 69 410043
3849 494 612987
9101 654 2383535
3402 1758 1043091
8702 9536 331322
3171 7994 1779790
8372 607 2452597
9446 7457 380761
7936 9270 2235145
3862 1658 34844
3640 6551 4536771
7395 5573 607289
3446 8174 81338
7864 1044 1236732
7053 1318 277816
9291 5014 922576
7251 2633 1049815
7557 5655 387665
6115 5494 30792
9539 6618 684129
7557 3455 10314
1266 2203 119733
