54
2370 4124 62204
7388 3817 4820807
9162 9183 559369
8990 3927 1199324
3933 3873 3136856
4162 8479 746699
3928 9642 2857871
5770 2342 2445930
8933 9871 443819
2075 4134 1481724
7719 1380 1301971
3443 8939 2254078
9073 3653 28402
7158 7087 932464
7631 2999 2928165
1242 4840 2181446
8384 5879 3965982
9279 1450 1247066
2871 7332 1010776
1880 4706 2382272
5512 2789 5929700
5346 5647 2558781
2611 484 651946
6771 4818 3381677
5355 8063 3522645
52 3168 2306144
4544 3909 396240
1257 4183 293507
4192 7093 585259
4367 9313 156533
2966 6897 297706
3775 8747 1709562
3768 1254 658853
9668 3061 7941059
8722 8539 222028
1904 5248 6141224
6143 7268 342678
6652 2498 228396
4530 8712 2119242
4558 7877 2345056
6210 3245 3384205
5406 3909 1334390
8954 4378 182751
4407 4521 172511
6249 9746 916221
7349 7958 2525293
6074 241 2501589
6001 1686 130469
6431 8508 5036051
1469 8029 578608
3790 5905 852431
3388 1124 3043989
3497 9994 887265
5121 319 678766
