155
1314 3438 743350
8495 9868 200364
1256 3338 62932
9287 6081 227091
9641 5944 42632
3097 2319 1752204
7233 6925 222448
1587 5303 3793007
9303 9567 114068
1291 6008 296254
8260 3558 677152
5457 2942 374529
9673 6928 2074785
9393 6109 75699
5568 4505 1471842
1147 4043 542063
7116 6171 1481433
7507 4162 659703
4175 3813 133793
8144 9989 1021088
9861 444 36705
371 9886 108241
2499 48 637900
771 9783 1132126
8769 6331 373663
8675 4544 61145
1537 7738 1169336
2573 5727 307830
6829 1754 381395
9306 5179 32784
9328 5709 510810
8226 4192 50211
6352 6664 202660
9800 3667 724867
5938 828 1587015
5543 9122 1099716
5262 9953 1137185
1387 611 197080
2512 4381 179758
709 7341 94199
3259 6327 974208
7381 8371 566258
6043 4867 504838
3748 3172 226155
7792 2933 237167
59 8268 111854
1607 9815 941987
1543 4506 792246
5480 545 244382
1523 6478 803471
5628 5538 977830
5290 5266 536581
3090 111 258053
6863 189 420099
7155 4027 559536
6246 7626 565116
2953 4711 199883
2481 2683 916400
6090 2007 724267
6021 2594 7582
4205 6652 327352
5070 3194 1119498
6882 5666 226681
4517 4863 500487
8835 1475 214153
8163 9784 610564
8410 6939 787240
9474 1929 539067
3443 8757 391451
8810 9379 111401
2006 6128 264622
5839 845 3031516
2051 7827 433702
4646 8595 258681
3049 5243 197671
8874 1762 2565156
1784 5988 237581
1553 9667 423700
447 7386 701616
3578 3861 1322
3037 6355 137308
879 8725 204782
9420 2335 365527
1883 254 77188
1354 8743 72591
5803 2158 818528
1472 529 300532
2398 8831 8943
6884 4615 149675
4860 6632 919490
8966 1839 104977
4929 7306 1430116
4372 6060 622121
7102 7002 258989
7441 7195 140708
360 2473 11034
7837 4417 146578
8779 1961 192723
423 2239 1353881
2866 6369 1939018
9504 1192 966804
9865 7430 1726454
8540 2919 309975
8769 4169 260395
835 8572 421367
9484 7890 242324
6939 2020 656114
6120 7723 150449
14 5498 91318
8295 6455 283141
9874 5660 486787
250 7281 1777534
4691 9405 167427
2632 8938 1381535
442 284 1152625
5075 3591 1362202
4288 4967 1046629
1031 9448 753903
8816 8255 2041127
3754 283 1931694
220 3086 20901
392 7128 326133
6854 6237 382508
6260 7612 542217
9814 5715 982812
5995 261 753700
9457 569 514314
8366 5304 1602608
882 5735 104450
1018 3162 511988
7708 6224 518220
8707 8647 838653
2680 277 49785
1526 1532 1203298
3469 2025 1386520
2680 3211 750839
4800 4922 380751
3826 515 828563
1726 7260 926148
6155 6548 418154
6214 2759 303542
3057 615 1155042
1898 1627 714051
7001 8712 331912
4852 2952 52294
8368 8913 640548
4859 4616 3155649
5169 8514 862267
6659 7010 351785
4483 1138 227282
2830 2609 1884577
5441 5482 76727
4315 4859 360076
3348 6129 686012
3201 8274 188724
