56
8569 1872 1850752
9346 9597 639293
4824 2929 7684208
2809 858 4411742
486 7944 8071161
864 5773 1774243
2351 4707 1706132
5313 1901 2056862
224 559 74512
6462 2242 865744
7525 9324 4774091
3282 8588 1161710
5245 3567 659520
5057 6849 634035
5441 5139 1112570
5249 5546 1567937
6439 6786 1325642
5787 1869 213106
6051 1195 2026726
3429 5516 4599676
153 8138 1504
7669 7370 712596
3759 4994 1731344
188 8966 50588
9187 5628 2836740
6913 9999 2022379
3978 1957 361412
4232 4738 15088
2277 8358 523083
4087 9169 737095
4018 4775 224386
7399 681 4237013
3960 1586 169786
743 508 1507363
6012 6678 1690704
4219 8546 558440
3634 7023 1639308
1751 8593 278123
7114 889 1868756
6810 3987 116556
2944 2134 1081643
7019 4647 6225759
5436 1965 2264366
8746 4291 268892
3435 9999 7123386
4028 5847 1784886
4761 9736 331489
8467 4322 1132087
2429 6066 1413250
7182 2743 680312
3204 7988 1480448
8992 7662 823410
6680 4829 3438657
6445 1634 106706
9871 1242 2751363
7441 8648 601420
