51
3531 3426 1753754
6055 9057 2844186
1595 9033 2391814
7826 7143 2701342
5809 3243 502159
8938 3521 125475
9860 8512 88140
6799 1977 2184531
7564 9554 1809977
4872 8442 2819359
9254 4597 2471011
7814 6011 3744449
346 695 3892335
9789 5054 178872
3304 4102 2441690
4547 4611 667502
9572 7359 1182309
134 209 1940317
2974 5360 3824174
5098 2017 147401
5310 3139 544840
522 209 1126428
9965 1082 1935406
1069 211 539367
94 6823 1307341
5661 1990 795675
3582 4025 1375954
5256 31 472823
1298 8259 734983
3475 4536 1686956
6109 5062 236221
7957 8944 519420
1502 9377 2909281
6559 7583 4474437
2968 792 2411254
890 1228 3173178
4771 4801 118069
8225 2096 9535562
5685 5604 2076135
5791 6915 3458344
9993 6245 3411720
2421 1610 70183
5627 6405 899068
1357 9166 4323500
2936 2446 661145
8920 7210 1872280
7097 561 4618192
5481 3721 870219
2253 9103 1300222
6374 5742 3910503
5264 2003 920497
