144
5387 1723 335410
1697 2236 282687
4378 6113 334585
5869 6013 731124
7433 2431 123473
6791 6723 59885
7613 6280 107985
4554 248 855447
2611 8583 143214
8551 9194 76163
1458 3339 1236543
1503 5390 141265
6162 4696 250240
6048 8850 960700
8727 4493 191951
7111 1219 68850
63 4126 170902
1488 3743 1056555
4330 4090 1989893
322 6099 766835
9929 3184 678719
8288 5180 1014738
1282 5878 128235
141 6043 451694
294 6397 747973
115 5508 515692
9956 9358 782932
1121 7692 361602
8053 3802 1523977
7998 2718 452285
8640 747 12176
7199 5333 147074
4031 7455 632830
7644 4485 332978
2911 6205 91649
8178 105 437743
5830 8781 1706968
9096 3048 544542
1795 1744 141510
8656 5449 244896
8061 5612 312082
51 906 167755
2069 778 2014498
653 2481 408035
7445 6318 672441
5804 7236 493585
8418 6237 256061
3186 1754 1963626
300 4664 1700961
1542 5671 114346
6448 9243 1878801
6695 6463 738840
6354 6254 1186715
6691 3786 29273
5655 9574 432930
2726 8281 26484
8492 4472 207251
3336 713 695811
2928 2882 52216
5775 1536 1434274
2400 5954 1448541
5547 6974 364134
7426 6121 844660
6570 9758 1047177
2030 221 134317
5082 9474 1010416
4758 9544 632323
8240 1127 200328
9776 2815 613820
1374 5970 532293
1088 8263 56464
6162 8117 2157238
192 7083 850510
1899 9897 577460
4903 6795 756278
8597 3435 4028390
461 2178 99151
743 3785 55116
2203 6085 774306
5805 9832 126274
4344 2367 258379
9946 6171 296669
883 6376 311545
9337 5741 2315748
4503 7316 424482
5297 502 788281
4185 9131 1825739
1097 6097 381534
5849 9891 1413140
400 7962 1519044
2859 3626 325616
3632 3017 480614
617 9063 791886
2434 770 947551
1970 9325 964029
7349 8618 1079500
5891 3867 451096
9078 5561 33815
445 7926 406021
3284 5588 305243
8904 8837 108444
9309 7723 3725168
7512 1252 1998894
4807 6511 1076954
5120 3601 161892
3479 6322 375280
1098 646 437901
5820 5802 23224
2277 4819 10858
9738 7979 885855
1615 8195 249521
7907 7058 1276568
5520 4675 1164144
926 5437 330630
6961 2291 274425
4512 1905 1618151
760 4628 292133
8266 8126 621908
9764 1765 901458
170 9536 290322
6364 5416 53969
864 7274 269378
2512 599 786856
9612 1362 340201
705 253 438528
9088 8028 396703
7187 7773 416326
2020 3746 2147534
7633 4990 63061
4328 1894 2313701
2539 3270 1235889
9780 4972 363939
2413 5074 1907126
5900 6620 267411
5246 8617 1060558
9290 787 196571
5070 6594 261429
868 5555 240386
827 6657 347930
5377 5194 1151903
3096 1979 213887
1532 2827 115045
6790 3800 1563500
8124 8413 775406
