64
839 4785 517809
3431 1480 803599
83 3801 1099458
4928 2555 4314007
7509 8345 4629826
4205 3080 447392
7874 8672 1503528
5991 9245 1344921
8577 5449 2642596
3933 3611 1336374
7356 356 1120941
3338 5802 759984
7996 6860 3841312
7973 9247 938252
6259 6059 603308
7018 5556 1723517
9686 325 897116
6282 2812 541132
2702 1220 796656
8017 9218 1610242
7921 9399 604693
3480 7462 1073087
5358 9429 37439
5055 3880 380305
2885 6972 7589688
5806 8638 1032577
1899 4467 2375292
8447 7339 225026
3050 2755 547543
1947 2680 147491
3781 5223 2531591
7433 3647 5604196
2280 2676 1809656
224 2185 691578
1278 5413 412947
3569 1590 718146
6697 4916 2550182
3066 1049 1753225
898 2013 99835
2929 1253 407424
2814 9710 1667496
6288 2543 1818070
4847 3537 2196319
1634 620 2159593
462 6045 1126878
4894 2826 1375625
6944 6726 1612561
2830 7065 168198
3968 3064 271577
9468 337 8144786
5599 1195 145987
360 1705 1059393
2132 4671 344824
1643 826 2189533
6575 4988 1938456
7977 292 487079
2043 4562 81623
8119 3970 2306084
1242 6765 476605
2284 3346 5078677
7758 6472 61841
6420 5639 272381
9391 5144 2453819
5563 4934 498704
