67
4775 6130 133880
795 1450 537554
4332 7909 1419821
9945 8695 1351982
4237 9331 2089726
678 8813 202876
390 5289 310483
9448 7736 899914
3498 7966 647099
1228 2868 705191
7258 9179 1078775
3745 7779 1799623
5327 3869 1157854
4613 3343 1266036
2426 7060 196640
825 1265 402226
7827 3681 3521462
9432 4122 665006
1431 4310 2398742
7111 6023 103707
333 2935 474708
5766 5406 450411
2944 153 7930274
3808 1903 5464836
3165 1777 824200
4778 7857 79224
2169 9173 717124
8727 1518 426811
7065 8267 2081570
5259 519 706272
1998 3278 2857522
9258 9736 2647837
8080 5617 1859617
5234 3620 586533
5324 3852 130173
4172 6715 1059405
8176 8120 221284
7974 9939 587823
1031 7829 283290
9839 5088 2791757
6065 183 1149868
8058 7314 346971
659 1361 2963093
9048 15 847958
5817 5710 3165925
3813 7971 127865
3780 6031 259025
9930 2629 699147
4990 6194 1140569
5368 372 376744
7250 3598 2271343
9524 5722 347117
4026 1304 1678052
7216 8727 888458
323 1157 3313924
8398 3331 784372
4795 2500 6092548
1396 1673 897058
4789 2239 801793
6429 8685 290426
7718 5256 4941444
1145 2118 5340348
1070 2399 1303899
355 7260 3552693
3547 1045 1556667
4734 8243 396639
4128 3329 1396786
