60
8544 1359 773274
6656 5520 529898
8434 9242 46764
8799 1386 498883
304 1992 73933
5675 4328 282994
8278 8501 513130
3873 3826 2055542
8598 3112 5089937
2100 5723 325246
8471 2995 1328912
4882 5594 4734292
213 6560 1943396
4088 4295 605803
3006 1881 1180397
818 8461 76384
7565 6924 672006
9956 4176 266855
825 1545 2407213
7960 8534 1822481
4832 25 3459373
1900 9572 2844526
7459 7962 4555469
6129 5850 1351167
3196 2471 3664699
3938 5332 397730
5084 8351 216612
6604 3076 3222877
6199 5946 176970
9182 7385 1652814
9066 4088 1013549
5455 9107 4066719
1791 4427 3320423
4074 4533 1408708
8846 584 3986324
2772 9725 4544436
4502 7083 319463
9015 3632 896252
3083 57 2701787
9045 4781 2780197
1484 1505 1062750
1862 1562 525764
4323 3702 374961
4659 4597 3045964
4573 4237 408249
8669 1655 2728706
6613 5236 871945
5432 2063 851617
7307 2885 225828
4578 7935 1549821
2901 2062 333636
7559 6805 4750280
6348 8537 357810
8096 372 994712
9584 3256 725951
1001 2750 1325847
748 8408 2827413
5079 5582 1772620
2461 2110 2929273
871 3285 529418
