133
2298 7355 530684
7726 8041 1888936
7916 2185 1018678
2306 7171 462439
5753 3758 347947
193 3768 614768
690 9281 512263
8183 9245 795584
2473 3550 1220063
543 379 900991
6988 6851 74457
9191 4325 498740
3734 1490 342237
9876 4310 139728
5117 661 626291
3838 3284 12436
2546 3535 53342
1658 2602 316255
3122 5849 2370078
2768 7833 348832
4215 3324 634017
6634 706 914781
4767 5464 565647
4835 3589 403214
1806 3685 2051242
6823 9261 683566
340 3864 697557
2648 8663 904245
8202 9646 314835
6106 2700 1659339
9929 3984 219082
274 5271 2128641
5725 9004 2583449
309 7771 600631
9287 4253 56906
1686 3562 1237586
5493 9853 583366
9219 1461 586640
8812 4587 42116
8390 9388 484992
9112 6605 2036622
2208 9416 454593
6482 3603 1176240
581 8647 1752142
168 323 94844
9016 9768 835511
1871 8099 1671235
179 2898 1267381
5088 3344 615911
9225 4569 415094
5966 9012 76
5596 9735 172958
6216 5261 878897
2001 4464 324505
5894 3806 103483
3866 3307 39982
7887 9597 13087
8727 7360 1118163
7756 9904 992360
1735 294 63865
7331 4116 2406666
6785 5692 817945
66 3849 2225408
1924 4637 842267
7420 8979 8340
4546 3952 35774
2203 8611 220425
6510 4577 697425
8500 2569 185825
3419 6829 538886
2442 354 1392674
4500 9296 336296
2774 1487 1064263
4897 7574 262824
8269 7869 742857
4067 7128 63940
1491 4215 1850668
6344 906 361320
8994 2522 146883
8815 2768 436188
5153 3066 235191
8610 8790 739860
7070 8747 95033
7025 2664 59780
6125 9269 4110142
1618 377 5915
9386 2776 2168194
4505 6013 54523
9043 6217 346
4945 2019 848937
1428 9310 1666653
3839 8901 213613
4513 4823 4071610
679 168 740907
3914 7241 365496
8710 8112 14298
4010 6985 56630
902 7586 744362
7995 2470 398879
3350 5871 254744
8909 6322 151053
5407 5984 673235
2559 9140 1187219
2169 9686 2140634
423 4715 325215
6301 916 2496085
5998 8535 1100568
8870 3299 510066
406 4166 53769
6633 1730 1049482
7567 1239 583496
2176 4887 466759
8636 4169 551530
5801 2012 74040
6794 7947 603068
6810 4679 36484
5515 3334 80360
7222 1888 1153904
6953 599 1251345
3674 1098 504203
7057 9633 978459
3531 6947 266800
6749 3762 1127592
3399 7656 97329
9024 2314 1458263
2712 6150 344800
4922 6773 829206
1748 1569 977321
385 3436 219911
999 3111 1142062
5645 663 468282
1849 4653 1136525
3937 8646 25398
