51
9965 1180 660077
9472 9755 1375643
8851 4140 109722
2539 3867 3045646
3742 4305 499959
4705 1648 1060707
544 184 841930
6170 1544 2193642
9691 8989 2348645
68 9148 7678
5224 5612 4852127
2918 6917 4374790
1520 3443 745473
1481 6870 754967
4676 1471 5318631
9838 6322 1033017
3808 6933 653566
5816 2649 152915
4522 5364 869547
9165 881 635386
7284 9225 1245465
4145 181 2705939
3816 9277 913501
7599 2530 3756704
8244 6788 4158292
6321 4810 3598097
1701 9175 1498854
1463 2861 4275011
366 5742 1778074
7024 3110 735617
2851 6789 252426
5365 7541 1755318
2091 551 3682929
4115 8073 5538293
2026 6489 591457
4109 1455 1457676
4090 3199 797319
1355 1797 520393
5208 9728 898676
3545 1984 1952486
1215 2794 6981028
4857 8579 664414
1643 9398 138650
6222 5679 3492966
6639 7614 101087
1761 193 42131
8071 6678 4902792
4483 4345 1297595
9208 6064 642232
9738 1744 4204250
6267 4501 3886260
