79
2249 680 598609
4719 9746 2626574
9810 1178 1485301
269 5186 2798601
3442 679 339593
7922 1503 1353078
7762 5183 908055
5169 3750 1688
6077 6026 197977
4394 4805 110467
5937 5559 1817927
8120 6857 438045
4832 3587 615105
1489 1655 115232
9625 8503 473790
5307 3933 207093
6586 6903 200921
2930 5699 3631295
8202 632 136965
6114 6139 1037404
1363 5001 355101
6098 2091 1494213
6891 1373 115242
5871 4771 447471
3557 5215 2778904
9655 4418 233612
3466 957 11007
8020 2288 274014
9840 8313 1601943
431 3409 1255253
9740 7809 1570969
2844 6235 286481
1912 884 4184058
219 8702 587117
7756 671 3990989
885 541 1978471
6296 1186 373418
3213 6479 2406424
5461 7452 3354932
1424 603 1454226
1389 4666 1504739
7783 9234 239153
171 4889 333373
5823 3992 1908636
9411 3023 579155
9773 8940 1675262
9013 5734 9995533
3251 3270 1620540
6799 9622 162171
7286 1048 558375
6635 9249 365747
8632 4612 586726
9069 7981 906714
6097 9310 1456528
6517 7195 1042306
7117 2497 384111
1836 4964 649931
631 5073 451885
3053 3337 3045463
8096 9131 4177833
3802 775 129057
667 1276 216205
8391 5064 1443323
3658 7170 637451
8379 7386 39573
7554 239 650012
9692 5672 1157265
5259 6633 1083826
2354 117 3098071
1235 8827 552151
9784 8169 1278838
2772 9712 873855
6899 3465 683117
4030 475 597858
9729 1994 3399204
4427 8293 1670821
3724 4684 1895267
5778 5224 813530
2986 7941 288830
