86
4915 1462 2467680
731 3006 2540880
3406 9775 664496
3354 5769 2067886
364 5512 421780
6579 602 1026007
9941 5351 201394
8964 9599 128544
1839 3029 838290
2621 551 1635804
3106 6248 1284431
6897 2080 136432
1396 6048 1000303
7519 1928 852353
8491 8572 61277
9615 9646 888051
734 8479 1034342
5049 4396 389978
5337 3738 1988315
7010 8575 1053317
5101 6754 180401
5008 1214 101651
5469 3951 2156629
3611 1100 3285833
3874 1737 4266569
1270 2353 2261018
2692 2637 697357
5711 9571 844286
6054 1631 605470
4418 9104 463216
4475 8526 1049581
8301 106 869411
5626 4997 1429413
6261 8011 632321
601 6972 627222
204 9497 661089
2240 733 1074255
7340 2194 33203
8184 8285 539139
4041 6529 1319445
5842 531 1652327
3682 5761 2088970
1262 8604 263590
2712 420 1634482
5607 7995 859073
2867 7362 155523
9782 2577 828199
2397 7229 1266823
2472 8530 2021951
5805 4397 690263
2892 9575 232652
9710 9843 646274
4261 7227 932101
6806 154 1377634
6336 367 831589
5638 1207 1981011
3508 1344 2973605
8232 7571 364903
3525 2450 923277
6767 3308 401621
7780 5989 403349
5815 8580 571453
258 132 116037
6649 3842 912447
2892 2937 2492023
6677 7387 560088
9919 438 707302
6449 2162 909426
2095 8440 463334
5158 3322 4080729
7550 1275 1017225
253 6763 1667983
3330 9711 689830
572 2997 3471742
736 8046 2648783
3522 9530 671247
9128 9990 236866
2105 6621 1118363
9643 46 3949642
1736 2993 146769
1701 5381 519236
5983 2558 938850
863 3782 1562427
5673 4351 1413456
4385 3304 620784
5654 4367 2205672
