92
5702 7509 1241141
6574 6956 351207
7069 8653 110571
9193 8044 1643333
8246 9088 1184499
75 873 1075044
8998 3065 1247742
8895 284 706222
960 1392 16674
9694 537 820799
3601 6234 1616975
9553 3526 1038922
5076 721 17582
7252 2808 448638
7723 7057 605633
2833 2947 277246
1600 2975 1260905
2985 166 280524
5081 4185 606671
4585 3670 499631
6048 3665 213564
8925 351 1280152
7106 5500 246837
3282 563 74889
6420 1388 453917
2927 3165 1027646
974 716 47238
3066 5845 2039557
6919 7723 415011
733 448 2782062
8304 4018 454966
4262 1189 1906919
229 1080 295061
5139 8675 1303821
6446 4073 1605855
4493 9882 90393
4925 6209 111379
3993 5880 1028579
4991 7336 621589
7659 1777 323428
2269 8152 1002197
3162 343 670809
3579 2880 3456130
1256 1411 287430
4752 843 231221
3670 8153 873949
8404 7005 829051
4387 6706 523900
6522 6375 2845847
3508 391 1270172
8714 4151 2491990
7070 9069 1468474
458 2698 4351429
8599 6666 1803020
1174 5289 250574
5320 7649 1721023
8121 2519 1388711
5259 4085 1564340
2492 3672 764792
231 4047 109194
1855 91 59872
8711 5653 974948
3103 3032 1787082
5152 4364 3176131
7914 3622 26947
8092 54 791831
3979 8042 574776
822 7336 3147377
7267 7380 344621
1093 2247 1514380
8841 2447 1883298
474 9817 2270512
890 6660 1530958
464 3457 204478
9225 4823 1683649
5672 1325 999099
7052 2141 4322525
1249 6207 1214361
5243 2769 1377424
2227 8114 822828
6600 3001 1981405
7270 3684 416744
6293 6463 277804
4036 7848 2726163
5047 6479 3059715
2244 6603 179860
9243 8553 42190
5423 826 842791
7482 7626 90704
3562 7033 830318
8233 7109 1493309
8283 8935 74825
