85
3310 5896 43351
8937 7811 1372946
1916 6004 355919
621 5952 1147524
1394 3536 3029120
8364 5196 288048
9155 1161 395751
6154 4066 549432
5024 410 5917350
8292 6249 384422
9346 4175 214610
5776 9586 1036567
9854 5646 2760973
5047 5591 127104
9188 6401 163176
8434 9366 1546733
4927 4112 2496275
6797 663 580995
2917 2649 2458337
7671 9420 1280792
3582 5820 1156751
7970 772 952894
1992 10 981932
1564 8421 688627
4281 9087 330724
6035 6188 822857
9333 3869 804970
8484 3390 1065510
3794 3128 425261
5735 2114 398400
5073 9754 157035
9036 264 1356672
8819 6050 1223548
8617 5505 2356114
2231 2731 2072708
7236 9359 797154
3889 2816 1023096
2050 4078 2219625
9297 7525 227053
7595 3101 98194
7299 4269 821477
3825 5472 876049
8744 1823 500392
6080 1241 2510244
7127 3257 1923114
6323 1562 6110197
9731 9403 827733
3354 4650 433136
4015 2963 141820
4764 5469 1790995
4841 640 1478507
9628 4724 4433297
1281 7294 1063788
7541 3065 781301
2160 6542 329125
5195 4460 564082
8855 7621 1835778
1817 2555 2045039
6098 1635 1779184
7665 7591 99676
5508 379 2433786
613 7481 226055
5084 9396 1050379
9841 3627 206848
2197 9851 748720
579 8719 1379039
3394 3789 1350658
4753 3054 12217
8914 2772 34242
8552 3646 251641
6703 9061 460435
1842 2862 414676
1310 5232 232515
3493 8996 1283832
3598 5826 1264083
9908 7352 1316985
2548 6427 1027373
1 8095 1672045
6725 5779 246333
790 834 192334
3476 8774 2462999
3108 5991 1273818
757 2816 808540
5959 2461 1958342
2938 5484 2038621
