101
4472 3269 188032
1751 3738 516369
7541 1579 256741
4660 5304 845273
5857 5138 1024966
1338 1793 1073902
6453 9656 82555
572 8018 54352
1070 1222 1223220
6033 1932 23064
2163 9975 4063130
9917 8154 109375
2609 869 610936
385 955 765927
563 1713 1122547
9895 3423 3022568
339 9415 954311
6635 2966 1392654
5007 4382 1511468
4538 878 591867
1934 4229 309586
2503 8749 1132906
7958 6680 307245
7200 2931 303244
8882 2689 216707
7632 3004 121659
8730 4442 353322
3645 9508 348445
7356 9597 489073
1967 3853 636454
5484 9403 1505638
6419 6769 874162
9171 9962 1738556
8907 3332 1282014
8539 4291 1341078
3350 4317 895011
4813 4916 2099345
1612 2920 1214185
1648 4926 182185
844 5566 2359036
9136 5942 822542
6558 7374 1048903
4651 3469 288072
9917 2419 656985
918 3884 979428
1781 6590 799998
8741 8367 575309
9068 557 522621
6162 2018 604342
4075 3151 221434
6278 4870 1682570
6471 1771 11785
4675 274 317842
9856 2462 2809511
5847 586 2378290
5348 1327 50985
5855 3825 313068
4561 5457 935748
6836 8785 197180
5743 2609 1267107
7136 5229 592269
6553 7820 280850
8374 8161 2745169
5280 9759 1861860
4020 4406 236230
3316 2927 33889
1937 1020 458722
5207 4181 364097
8687 6791 683703
210 9446 373390
5292 1580 1324367
8503 5485 276214
9334 9309 7135736
7747 348 115265
4536 5388 2421458
7866 9729 1685739
548 9046 2845922
7764 614 317701
7969 2183 779054
666 6777 1731686
1175 935 336720
4322 6375 765038
2433 7620 801244
1919 2691 3908343
6221 2349 972295
1094 4500 545262
5813 5083 1574242
4167 3939 602817
2117 8025 423828
616 8318 706930
689 9995 698780
811 5882 180052
8632 5439 1281787
6230 5072 1452292
8073 4265 2321853
6652 4615 465763
9331 5642 2174044
2801 4309 166097
796 8562 359772
2820 4075 94919
5240 2304 277773
