62
2493 4854 1231880
5937 9791 505851
8296 1885 4193815
4385 9839 160748
6130 4304 1850258
1701 5772 519376
8720 4508 1089361
7858 5774 784441
9334 7155 1013416
2251 7625 897751
2401 5598 1043989
7713 1131 1240807
5606 6634 172728
9065 9798 1320641
5229 478 3321853
5438 755 51719
2064 8328 1864154
8465 9009 1871068
2813 356 6476321
8677 3505 386462
9921 9477 3128875
9209 6313 498528
8461 1282 2207171
1532 8936 1615854
1850 5729 2915579
3773 9476 4831681
8158 5254 1567978
2202 8898 257915
2877 9734 2007669
5913 4153 4959878
2574 9495 453772
6367 534 2847661
8146 263 1917283
754 696 785484
9353 2027 1219376
8563 5230 3605107
3921 2379 987179
3595 9641 320502
3483 8473 280255
1349 2823 1978797
6483 613 155342
6356 4059 922483
7785 1191 905920
5080 1240 340243
1798 1716 536126
9783 569 389016
4055 1084 2984086
7296 1079 703729
7954 9929 835652
7598 8727 1621228
1055 7035 1249232
474 6508 532593
7828 7496 2873608
6680 334 102282
2011 5370 2656699
7379 8000 81388
883 304 2271767
2879 2064 131999
7487 1002 347959
9692 9770 10060602
8976 2005 413619
6628 2397 1501244
